8 0.636708 0.105650 0.082835 0.199778
7 0.448228 0.104273 0.071549 0.208545
8 0.157559 0.108361 0.104667 0.197721
11 0.843687 0.251172 0.072131 0.111669
6 0.742257 0.174791 0.126240 0.267657
11 0.635904 0.236883 0.057075 0.112580
11 0.557929 0.257347 0.053263 0.110008
9 0.459462 0.191367 0.066060 0.216949
11 0.747939 0.330204 0.065325 0.104350
11 0.456403 0.326384 0.046920 0.103854
5 0.437810 0.413845 0.045190 0.095882
11 0.169572 0.418944 0.063637 0.094860
11 0.281972 0.527194 0.053061 0.086631
5 0.186827 0.519497 0.061926 0.087371
5 0.645151 0.624598 0.057252 0.077525
3 0.262384 0.575357 0.087343 0.144346
5 0.812714 0.704333 0.071938 0.071722
5 0.733615 0.708125 0.063222 0.070929
1 0.436393 0.683680 0.069315 0.139627
5 0.367100 0.721289 0.047128 0.068607
5 0.271381 0.717855 0.053798 0.068802
2 0.849810 0.808372 0.126308 0.103992
0 0.567494 0.805264 0.085526 0.122664
2 0.151618 0.814079 0.110285 0.100339