6 0.760305 0.115645 0.142943 0.231290
8 0.638229 0.098998 0.090050 0.197996
8 0.270573 0.105317 0.086569 0.210634
11 0.827953 0.230785 0.078043 0.128170
11 0.640911 0.235657 0.062373 0.126412
11 0.356755 0.216334 0.047985 0.127751
3 0.259896 0.182196 0.088872 0.249227
11 0.169503 0.241279 0.063262 0.125821
1 0.358497 0.273669 0.073934 0.260069
7 0.845081 0.369432 0.152646 0.242260
5 0.825470 0.506372 0.077245 0.100834
10 0.742738 0.484137 0.092900 0.147641
11 0.438734 0.521147 0.047434 0.098561
5 0.363654 0.509209 0.047273 0.099815
11 0.715572 0.616309 0.066594 0.090687
5 0.455759 0.619610 0.047741 0.088968
4 0.151229 0.600972 0.100620 0.145862
5 0.267130 0.713532 0.054958 0.079347
5 0.164526 0.706457 0.065469 0.080063
0 0.767327 0.765641 0.143698 0.156105
2 0.658483 0.797291 0.097936 0.120016