6 0.742686 0.110127 0.104508 0.220253
8 0.637902 0.114092 0.070313 0.184068
10 0.449218 0.139174 0.068813 0.168982
1 0.261717 0.111348 0.109210 0.222695
11 0.719990 0.245925 0.052752 0.103091
11 0.627040 0.238665 0.046938 0.103962
11 0.353764 0.336629 0.055679 0.094947
11 0.826177 0.440424 0.061654 0.086299
11 0.548141 0.438266 0.046435 0.086752
7 0.344441 0.392503 0.093368 0.183345
5 0.535497 0.519819 0.046197 0.079389
3 0.374022 0.504626 0.079128 0.143639
5 0.835253 0.610049 0.062184 0.071493
5 0.346657 0.634898 0.055879 0.070033
5 0.725520 0.732690 0.051319 0.061548
5 0.274269 0.715140 0.059476 0.063758
5 0.156827 0.710063 0.071277 0.064723
0 0.832303 0.781060 0.123508 0.113789
2 0.630538 0.820302 0.068813 0.090271