6 0.878563 0.219847 0.195709 0.176379
7 0.765699 0.314719 0.153176 0.182725
11 0.173807 0.308511 0.056719 0.087933
11 0.826204 0.376012 0.088000 0.097897
11 0.739601 0.379416 0.077830 0.096896
11 0.360073 0.377559 0.049439 0.094042
10 0.473355 0.509288 0.075666 0.169482
1 0.350256 0.545163 0.078734 0.229718
11 0.269581 0.492668 0.048252 0.106041
5 0.643092 0.573402 0.070488 0.115504
4 0.545040 0.596844 0.088647 0.179402
5 0.751170 0.694369 0.080330 0.127806
3 0.657421 0.726643 0.114847 0.243086
5 0.837653 0.777938 0.088521 0.136261
0 0.873167 0.887880 0.192752 0.222422