6 0.732658 0.104079 0.101509 0.208157
11 0.638535 0.233655 0.046828 0.111100
7 0.449586 0.197868 0.085581 0.240683
11 0.362491 0.239709 0.058400 0.111394
11 0.736022 0.352935 0.053119 0.099663
2 0.645302 0.309614 0.069010 0.167586
11 0.817814 0.418670 0.060680 0.094397
8 0.633820 0.406533 0.068088 0.154409
11 0.176849 0.433032 0.072715 0.095153
10 0.459564 0.498385 0.058486 0.127457
5 0.817489 0.611286 0.060041 0.077944
5 0.736325 0.618277 0.052554 0.077290
1 0.351137 0.610733 0.096396 0.152614
5 0.268813 0.618532 0.063341 0.078804
5 0.165828 0.610608 0.073481 0.078873
0 0.851791 0.681324 0.127525 0.143703
2 0.657879 0.682034 0.071678 0.117099