11 0.830520 0.291486 0.074529 0.080481
11 0.737386 0.302880 0.063564 0.081872
6 0.558132 0.327521 0.077748 0.177489
11 0.632546 0.399640 0.055813 0.090330
11 0.539153 0.481113 0.048626 0.098054
8 0.359251 0.504025 0.080405 0.163931
9 0.257226 0.499951 0.101573 0.185973
11 0.172173 0.471107 0.071441 0.098206
8 0.748875 0.592742 0.102998 0.177007
5 0.549676 0.654562 0.049502 0.116787
4 0.366545 0.705190 0.071146 0.182379
5 0.270956 0.673362 0.062476 0.117139
5 0.823254 0.755477 0.073035 0.127239
5 0.741760 0.782660 0.064554 0.128701
2 0.437798 0.821643 0.066262 0.211745
0 0.254733 0.848660 0.124035 0.300861
5 0.175813 0.775640 0.070256 0.129821
2 0.554262 0.890315 0.067775 0.217551