6 0.741006 0.102543 0.098423 0.205086
8 0.355545 0.116360 0.086827 0.188270
9 0.139854 0.112154 0.126391 0.222274
11 0.627502 0.223713 0.046539 0.108526
8 0.343452 0.221405 0.088645 0.174977
11 0.732946 0.334498 0.051468 0.098792
10 0.621195 0.300746 0.058597 0.163354
11 0.443640 0.427883 0.054454 0.090554
11 0.360791 0.429512 0.058620 0.090721
11 0.249454 0.429964 0.065645 0.091225
11 0.817869 0.531838 0.058440 0.081395
5 0.809238 0.629782 0.058142 0.072727
4 0.755054 0.606092 0.068404 0.107097
5 0.525465 0.639710 0.049156 0.072297
4 0.251441 0.605741 0.098422 0.120212
5 0.185796 0.619546 0.071755 0.075824
5 0.722237 0.735038 0.049914 0.063846
5 0.638331 0.717285 0.046066 0.065447
5 0.267357 0.730698 0.063228 0.065761
0 0.757503 0.781125 0.102233 0.118909
2 0.439638 0.811262 0.075375 0.095812
2 0.349893 0.790202 0.090175 0.099689