8 0.530391 0.107941 0.063657 0.215882
8 0.437794 0.106515 0.072021 0.213030
6 0.250532 0.098382 0.133080 0.196764
11 0.720672 0.224131 0.060731 0.130797
7 0.354784 0.166883 0.098312 0.292079
9 0.249601 0.185921 0.109450 0.254758
11 0.817582 0.319481 0.069235 0.121119
11 0.634666 0.335608 0.052417 0.118981
11 0.550488 0.314251 0.046069 0.120007
11 0.357149 0.326266 0.058669 0.118629
11 0.269770 0.330886 0.066372 0.118150
10 0.154381 0.286274 0.115239 0.196506
9 0.546634 0.382287 0.067469 0.212774
5 0.638626 0.498081 0.052797 0.101614
3 0.561655 0.483030 0.067026 0.191720
5 0.463799 0.500912 0.049455 0.101484
5 0.174757 0.621831 0.074744 0.090412
5 0.828778 0.717431 0.071229 0.079548
5 0.730103 0.707142 0.059075 0.080882
1 0.532154 0.673937 0.070191 0.169882
3 0.448084 0.660487 0.072405 0.154067
5 0.280703 0.707138 0.063608 0.081616
2 0.655812 0.789139 0.081922 0.120040
2 0.451118 0.790501 0.068372 0.118880
0 0.264686 0.780122 0.128590 0.153551