6 0.758267 0.203062 0.136239 0.121524
8 0.640700 0.202810 0.095193 0.098371
8 0.169344 0.182819 0.089910 0.093201
11 0.821248 0.263552 0.075447 0.066584
11 0.731439 0.279376 0.066565 0.066576
11 0.621410 0.295440 0.059050 0.066781
9 0.542782 0.293576 0.078603 0.109153
10 0.470093 0.290628 0.062646 0.092661
7 0.368253 0.291481 0.074025 0.121181
10 0.658549 0.393966 0.086469 0.114994
11 0.537347 0.385454 0.054972 0.073070
11 0.371608 0.368202 0.048525 0.072184
9 0.846343 0.484058 0.127380 0.149189
11 0.451982 0.474498 0.051417 0.079717
5 0.363703 0.470810 0.048655 0.080505
11 0.273670 0.461075 0.047080 0.079448
11 0.188460 0.473139 0.052595 0.079027
5 0.458672 0.578386 0.053383 0.088733
5 0.277035 0.545818 0.046778 0.085043
5 0.834204 0.664591 0.074877 0.099135
4 0.636828 0.689683 0.077900 0.143875
5 0.549122 0.646728 0.057041 0.095232
4 0.359590 0.697123 0.065475 0.154315
5 0.182273 0.665506 0.053187 0.095537
5 0.730209 0.757710 0.067851 0.104919
5 0.629857 0.769160 0.061525 0.105172
3 0.573920 0.792504 0.088366 0.195655
1 0.378509 0.798091 0.081615 0.218033
3 0.277026 0.791099 0.075191 0.193522
0 0.849178 0.893263 0.154216 0.211655
2 0.643370 0.889322 0.091061 0.184697
2 0.366573 0.875665 0.076359 0.182861