8 0.446082 0.216781 0.062049 0.120076
8 0.161419 0.223436 0.119573 0.121441
11 0.818896 0.298182 0.074774 0.082482
11 0.729954 0.300261 0.064532 0.082514
11 0.639201 0.293045 0.057029 0.081397
6 0.540186 0.343802 0.078292 0.186056
11 0.286705 0.285576 0.057704 0.079900
10 0.669262 0.426722 0.088949 0.137411
9 0.472392 0.438246 0.065790 0.174872
10 0.252180 0.403270 0.083821 0.151678
11 0.164837 0.381394 0.071031 0.089668
11 0.436991 0.481626 0.046985 0.100509
4 0.359546 0.489705 0.068380 0.145683
5 0.733951 0.570675 0.065741 0.108014
5 0.444561 0.574478 0.046962 0.110012
5 0.270995 0.574565 0.060466 0.109757
5 0.631261 0.672774 0.057570 0.118232
4 0.372307 0.722213 0.062477 0.205782
5 0.823491 0.774320 0.073688 0.128738
0 0.551419 0.839320 0.083523 0.311997
3 0.456847 0.834307 0.067007 0.256274
5 0.258373 0.765942 0.061946 0.128999
2 0.840106 0.885957 0.121424 0.224276
2 0.156821 0.891304 0.114599 0.215573