8 0.841774 0.101913 0.116334 0.196110
9 0.654474 0.104974 0.090227 0.209948
6 0.559093 0.110236 0.086635 0.220471
8 0.154053 0.122301 0.103837 0.194181
11 0.629054 0.243611 0.057886 0.110141
7 0.342725 0.178795 0.078516 0.243007
5 0.654144 0.336869 0.058120 0.101889
11 0.466453 0.338152 0.047592 0.101217
11 0.177772 0.320212 0.061287 0.102613
11 0.544188 0.431979 0.052030 0.093251
5 0.450021 0.414384 0.046096 0.094803
11 0.260967 0.418109 0.053979 0.094031
10 0.166947 0.403895 0.092262 0.153582
3 0.546897 0.489653 0.074021 0.158077
11 0.831408 0.619958 0.073045 0.078423
1 0.651244 0.591335 0.095717 0.156642
5 0.355201 0.625934 0.048007 0.076297
5 0.833523 0.711111 0.073342 0.069845
10 0.747663 0.675978 0.091416 0.118778
4 0.355199 0.716217 0.058354 0.099730
5 0.265651 0.717025 0.053434 0.067623
5 0.176976 0.704947 0.062156 0.068772
0 0.849663 0.796887 0.150229 0.125547
2 0.654247 0.797763 0.089768 0.101809
3 0.358075 0.801328 0.067474 0.099789
2 0.168632 0.796354 0.105374 0.101140