6 0.765562 0.101251 0.137896 0.202503
8 0.452980 0.117118 0.075798 0.185095
11 0.834210 0.238476 0.073971 0.107564
11 0.729961 0.242173 0.068152 0.106493
11 0.638125 0.260578 0.062998 0.106036
11 0.357353 0.258882 0.049477 0.104495
9 0.657422 0.306166 0.096651 0.184232
7 0.374318 0.415192 0.077252 0.179774
11 0.173953 0.441302 0.054173 0.088471
8 0.552588 0.510380 0.078076 0.134429
9 0.365068 0.511283 0.069022 0.143616
11 0.271991 0.531914 0.047303 0.080585
5 0.740558 0.632191 0.067320 0.074826
5 0.625259 0.610342 0.060306 0.075747
5 0.565289 0.620755 0.055957 0.074344
5 0.187702 0.617880 0.054117 0.073449
5 0.831313 0.710975 0.076340 0.069696
3 0.462436 0.691926 0.072079 0.112815
1 0.359362 0.710425 0.074433 0.123598
5 0.273367 0.722326 0.046412 0.064953
2 0.849962 0.790055 0.130233 0.105459
2 0.472949 0.799075 0.069765 0.096768
0 0.152851 0.810350 0.112455 0.114154