6 0.748521 0.104238 0.122833 0.208477
11 0.830075 0.241786 0.068570 0.109413
11 0.360015 0.246528 0.050419 0.107990
11 0.261570 0.258730 0.056924 0.106482
7 0.345270 0.293258 0.081956 0.216655
11 0.651273 0.420049 0.055897 0.093447
9 0.450516 0.405424 0.064641 0.172083
11 0.168167 0.441823 0.064375 0.090461
1 0.450635 0.492667 0.069612 0.173363
4 0.626990 0.598625 0.063840 0.112591
5 0.361948 0.612144 0.049219 0.076512
5 0.171630 0.616558 0.065127 0.075972
5 0.835411 0.724408 0.071666 0.066878
5 0.733844 0.709262 0.060868 0.067943
5 0.631870 0.719939 0.053398 0.066742
0 0.359319 0.790281 0.086159 0.120792