6 0.663315 0.105913 0.099801 0.211826
8 0.141892 0.122801 0.117301 0.207123
11 0.818789 0.239442 0.068336 0.119200
11 0.739119 0.241812 0.061473 0.118921
11 0.642636 0.233709 0.053644 0.117702
10 0.553704 0.298143 0.062115 0.172617
11 0.450372 0.325442 0.048840 0.110263
9 0.354781 0.272719 0.081207 0.215881
8 0.246070 0.297874 0.100640 0.181600
11 0.548988 0.420511 0.046694 0.100110
11 0.360544 0.427249 0.054437 0.101224
5 0.553839 0.539454 0.047310 0.089039
5 0.365709 0.511644 0.053919 0.092487
5 0.174655 0.515274 0.070594 0.092133
5 0.728380 0.621671 0.059630 0.082263
4 0.655108 0.569530 0.067739 0.142639
5 0.461022 0.616350 0.047144 0.082996
4 0.371178 0.582349 0.065532 0.123630
5 0.819732 0.704923 0.069043 0.074032
5 0.639986 0.695012 0.052853 0.075208
2 0.158242 0.710902 0.119764 0.121698
0 0.540008 0.798696 0.069808 0.131988
3 0.466383 0.809701 0.064097 0.110330