6 0.756764 0.098390 0.111718 0.196781
8 0.631056 0.146302 0.073851 0.162365
7 0.466986 0.105793 0.068409 0.211587
9 0.364563 0.124980 0.071808 0.188097
8 0.168521 0.124237 0.102284 0.165250
11 0.821761 0.254495 0.062041 0.091795
9 0.733168 0.215802 0.089283 0.172262
11 0.642315 0.236970 0.050757 0.093172
11 0.543009 0.242357 0.046524 0.092700
10 0.433749 0.218939 0.051279 0.138890
11 0.364635 0.258703 0.050678 0.091314
11 0.747175 0.352723 0.056378 0.083907
10 0.643352 0.322467 0.070366 0.137192
11 0.267115 0.332205 0.055587 0.085391
11 0.448450 0.454351 0.045725 0.076062
11 0.176991 0.447213 0.062471 0.076547
3 0.633701 0.516104 0.071705 0.122583
5 0.457910 0.549714 0.045699 0.067723
5 0.184910 0.530960 0.062121 0.070424
5 0.735977 0.621304 0.054711 0.062907
4 0.654106 0.619222 0.065961 0.086621
5 0.377388 0.627800 0.048905 0.062385
5 0.818816 0.737615 0.063801 0.054252
3 0.754631 0.709747 0.091862 0.091616
5 0.641800 0.725345 0.049686 0.054939
5 0.548375 0.706130 0.046134 0.056113
5 0.272005 0.701497 0.053593 0.056353
0 0.740022 0.789315 0.108607 0.097763
2 0.633372 0.804888 0.075472 0.079940
1 0.463351 0.790572 0.065627 0.090925
4 0.236567 0.822414 0.083880 0.069885
2 0.173769 0.794515 0.104617 0.080855