6 0.724360 0.111096 0.108117 0.222192
8 0.442851 0.123809 0.096777 0.194502
8 0.339759 0.119063 0.106671 0.195140
11 0.802241 0.224952 0.052973 0.112339
11 0.730881 0.237254 0.054006 0.111293
11 0.636995 0.250569 0.057737 0.110743
9 0.523583 0.189584 0.095551 0.210265
7 0.239602 0.173132 0.143256 0.248578
11 0.175298 0.246209 0.084169 0.114696
10 0.631814 0.308259 0.085558 0.155262
11 0.558813 0.336520 0.059703 0.102609
11 0.443730 0.351286 0.065910 0.102486
10 0.344516 0.308687 0.096147 0.155343
11 0.253517 0.332383 0.078026 0.106810
5 0.536724 0.531103 0.059080 0.087423
5 0.467375 0.511846 0.063632 0.090137
5 0.267089 0.542236 0.074628 0.088225
5 0.822892 0.625893 0.051255 0.077498
4 0.626586 0.589154 0.078790 0.119887
3 0.528889 0.593469 0.087037 0.139422
1 0.434800 0.576139 0.105933 0.160868
5 0.169967 0.638474 0.083819 0.083180
5 0.719220 0.722197 0.051009 0.069484
5 0.635015 0.726725 0.054126 0.070892
4 0.443528 0.700832 0.087892 0.110120
0 0.724867 0.790716 0.092522 0.124975
2 0.542034 0.818057 0.079044 0.101201
2 0.161344 0.810185 0.143141 0.115900