6 0.759399 0.195317 0.120365 0.123151
8 0.341498 0.201400 0.083257 0.102716
11 0.739484 0.277882 0.058595 0.068657
11 0.632377 0.270158 0.051845 0.067904
11 0.834419 0.382972 0.069096 0.078209
9 0.442312 0.519222 0.068224 0.164480
7 0.359861 0.522689 0.085260 0.187229
4 0.433379 0.602458 0.054383 0.163245
5 0.836214 0.656561 0.068429 0.104031
5 0.532835 0.663500 0.046372 0.104939
10 0.350647 0.685504 0.076970 0.165381
11 0.275291 0.664595 0.060216 0.105154
5 0.742541 0.764422 0.060259 0.112821
5 0.647180 0.757341 0.054253 0.111989
1 0.231750 0.828521 0.114392 0.253032
0 0.840893 0.892337 0.140291 0.213507
3 0.655204 0.889763 0.081209 0.218657
2 0.358770 0.899721 0.078497 0.198740