8 0.849115 0.105464 0.125991 0.201864
10 0.746668 0.097087 0.097311 0.194174
9 0.644750 0.105559 0.098904 0.211118
6 0.556515 0.109813 0.099668 0.219627
7 0.445835 0.110719 0.084112 0.221438
9 0.357790 0.111519 0.069991 0.223037
8 0.159201 0.117044 0.094665 0.197714
11 0.826305 0.228873 0.076404 0.116314
11 0.739830 0.250651 0.070213 0.113187
11 0.657557 0.243540 0.063940 0.113273
11 0.450137 0.248352 0.052737 0.111455
11 0.377582 0.242263 0.048585 0.111651
11 0.274309 0.232823 0.048268 0.112190
11 0.165355 0.241588 0.058030 0.110917
10 0.365479 0.321254 0.055556 0.150467
5 0.560400 0.527781 0.056437 0.087661
1 0.447357 0.484566 0.080070 0.180007
5 0.841595 0.697534 0.079197 0.075261
5 0.735698 0.697343 0.067832 0.074005
5 0.644373 0.716498 0.061098 0.071505
5 0.362017 0.717410 0.046794 0.069789
5 0.260595 0.720194 0.048417 0.069195
5 0.157897 0.712502 0.059405 0.071243
2 0.850746 0.810672 0.134010 0.108946
4 0.737232 0.818591 0.099122 0.089535
3 0.660037 0.808564 0.097577 0.106192
0 0.548321 0.803721 0.092172 0.125147
3 0.374040 0.810985 0.065303 0.101135
4 0.272047 0.798505 0.066154 0.084496
2 0.157392 0.799897 0.097982 0.103945