8 0.850735 0.130762 0.101473 0.169925
6 0.534565 0.105460 0.071132 0.210920
7 0.441660 0.109389 0.079426 0.218778
9 0.355188 0.096175 0.081238 0.192350
10 0.266327 0.131311 0.078859 0.153933
8 0.152367 0.131334 0.111167 0.172307
11 0.827512 0.250870 0.059971 0.094920
9 0.720840 0.213755 0.080158 0.179502
11 0.563572 0.254913 0.045195 0.094913
11 0.461114 0.265122 0.049495 0.094261
11 0.353221 0.246952 0.054724 0.096078
11 0.260549 0.243280 0.060423 0.096672
11 0.170130 0.258879 0.066923 0.095645
11 0.728984 0.335108 0.052365 0.087926
10 0.660383 0.318692 0.070647 0.127691
11 0.623342 0.426938 0.046038 0.080665
5 0.467737 0.530166 0.048171 0.073003
5 0.350102 0.519320 0.054337 0.074119
5 0.746031 0.632354 0.052486 0.065200
5 0.820132 0.708046 0.060300 0.058932
3 0.741440 0.715564 0.084208 0.094700
5 0.632219 0.727117 0.046040 0.057628
5 0.548537 0.732070 0.044651 0.057392
5 0.269277 0.729668 0.058889 0.058246
5 0.193575 0.727213 0.066157 0.058750
2 0.840541 0.818623 0.102436 0.083375
4 0.747242 0.796072 0.082754 0.076720
0 0.561617 0.811310 0.068806 0.098392
1 0.447722 0.802394 0.073099 0.094419
3 0.350462 0.822532 0.080453 0.081190
4 0.252445 0.790791 0.082182 0.075799
2 0.162539 0.803865 0.113679 0.087739