6 0.767481 0.112556 0.147896 0.225112
8 0.656883 0.119843 0.098351 0.201596
7 0.479185 0.107847 0.092859 0.215694
9 0.380755 0.106074 0.074178 0.212148
10 0.273452 0.103716 0.063173 0.207433
8 0.164050 0.120115 0.091080 0.202306
11 0.826073 0.232436 0.079370 0.117494
11 0.736460 0.242282 0.073701 0.117769
11 0.637698 0.235657 0.066004 0.117498
11 0.460539 0.236247 0.054621 0.115866
11 0.265620 0.238190 0.047303 0.114319
11 0.172907 0.243646 0.054390 0.115373
10 0.660147 0.311815 0.090604 0.177784
11 0.555582 0.329350 0.059427 0.107934
3 0.729264 0.408938 0.114753 0.184883
11 0.354712 0.441257 0.049406 0.097763
5 0.448750 0.532999 0.053458 0.090086
5 0.360166 0.522338 0.048625 0.090538
9 0.246816 0.488328 0.076734 0.164914
4 0.645345 0.607900 0.095680 0.121410
4 0.347608 0.606518 0.071320 0.119653
5 0.837958 0.704694 0.082063 0.078031
5 0.735842 0.717200 0.070973 0.075352
5 0.636097 0.696811 0.062898 0.076216
5 0.550795 0.701930 0.057921 0.075052
5 0.261526 0.721705 0.046769 0.072543
5 0.187039 0.712563 0.054139 0.073489
2 0.858734 0.792710 0.140431 0.116117
3 0.655674 0.804840 0.100773 0.112112
0 0.561855 0.770675 0.099881 0.135890
1 0.471206 0.804254 0.081265 0.122054
2 0.159361 0.794845 0.094044 0.108203