6 0.744771 0.104631 0.105505 0.209262
8 0.551558 0.101491 0.067932 0.202982
9 0.363650 0.099820 0.095370 0.199639
8 0.159758 0.099037 0.123492 0.198073
11 0.818439 0.245014 0.061158 0.120603
11 0.726549 0.229295 0.052868 0.122996
11 0.633211 0.241363 0.047155 0.121868
7 0.543849 0.164370 0.078379 0.272789
11 0.273732 0.216160 0.068705 0.124738
11 0.166505 0.229617 0.077226 0.123617
11 0.347051 0.319112 0.063515 0.115321
10 0.255096 0.303794 0.105046 0.180772
11 0.535160 0.422788 0.049034 0.103000
10 0.739501 0.505030 0.084008 0.139406
5 0.352119 0.517971 0.061797 0.095813
5 0.269601 0.519410 0.068365 0.096146
5 0.741860 0.616306 0.053261 0.085367
4 0.642604 0.607737 0.062059 0.124263
3 0.554814 0.601279 0.067965 0.155477
1 0.358878 0.594571 0.101799 0.177233
5 0.164086 0.614287 0.078270 0.087219
5 0.814638 0.706032 0.061449 0.077722
3 0.734079 0.699754 0.083770 0.134851
5 0.645427 0.715190 0.046686 0.075789
5 0.546803 0.706555 0.048792 0.077141
0 0.741798 0.782035 0.103397 0.140438
2 0.462715 0.796313 0.074119 0.113137
2 0.160769 0.810050 0.132630 0.115285