11 0.642334 0.280993 0.057038 0.065348
6 0.554507 0.295066 0.087427 0.131465
11 0.827151 0.370501 0.073401 0.073980
10 0.628634 0.383224 0.071429 0.104271
11 0.257785 0.375631 0.049543 0.071757
11 0.727386 0.454164 0.063567 0.080140
1 0.362602 0.506972 0.072535 0.162779
11 0.188349 0.482823 0.056873 0.080991
11 0.534841 0.572094 0.053008 0.089745
3 0.359538 0.613622 0.066971 0.164276
5 0.175975 0.571252 0.057703 0.088874
5 0.818724 0.666957 0.071385 0.098519
5 0.735390 0.669186 0.065775 0.098236
5 0.542005 0.655672 0.054178 0.095929
5 0.284535 0.661849 0.048728 0.095665
5 0.645311 0.757591 0.061012 0.106432
0 0.537163 0.812600 0.089956 0.239485