6 0.743687 0.102883 0.096628 0.205767
8 0.634210 0.127996 0.069265 0.195951
7 0.232400 0.106684 0.129398 0.213368
11 0.829332 0.237889 0.057885 0.111102
11 0.731445 0.245859 0.049593 0.110472
11 0.650270 0.249872 0.046028 0.110336
10 0.654868 0.292108 0.063191 0.157644
11 0.526382 0.332967 0.052272 0.103829
1 0.128274 0.268857 0.152246 0.232086
10 0.543579 0.413446 0.062344 0.152516
11 0.447158 0.438685 0.056439 0.094765
11 0.270889 0.433621 0.066645 0.096291
5 0.455490 0.531786 0.055640 0.086737
5 0.745334 0.635716 0.050485 0.076697
5 0.818549 0.703756 0.057778 0.070409
3 0.719696 0.708881 0.074614 0.118170
5 0.644985 0.722627 0.045487 0.068814
5 0.546042 0.709724 0.049673 0.070404
5 0.255975 0.704095 0.067927 0.072717
5 0.180667 0.709213 0.076110 0.073058
0 0.740308 0.792141 0.096034 0.124468
2 0.147013 0.786289 0.132210 0.110763