6 0.752650 0.210396 0.123017 0.124563
8 0.638041 0.215829 0.082669 0.103707
7 0.432932 0.204254 0.068099 0.116665
8 0.154112 0.203121 0.113660 0.101356
11 0.829473 0.280226 0.070728 0.068578
11 0.722175 0.287469 0.059105 0.069015
11 0.643318 0.282963 0.053917 0.068461
10 0.442918 0.313496 0.060547 0.109701
11 0.345174 0.266293 0.050991 0.066532
9 0.255778 0.310345 0.093121 0.121879
10 0.632068 0.393759 0.077547 0.109912
11 0.553206 0.398741 0.048722 0.078509
9 0.453357 0.413194 0.064027 0.141430
11 0.190858 0.399212 0.063519 0.078234
11 0.266690 0.479511 0.056474 0.085089
5 0.442413 0.572514 0.046302 0.093628
5 0.262328 0.557780 0.056872 0.093544
5 0.734499 0.651772 0.061409 0.100995
4 0.638066 0.688560 0.066545 0.174287
5 0.166167 0.673381 0.065755 0.102737
5 0.844141 0.763830 0.071552 0.112054
3 0.731781 0.803409 0.098076 0.215929
5 0.630936 0.765954 0.054387 0.111911
5 0.545020 0.767710 0.049298 0.111997
3 0.460599 0.811216 0.065526 0.216831
1 0.338985 0.801393 0.084305 0.241758
0 0.755499 0.894929 0.125210 0.208323
2 0.636820 0.874548 0.079548 0.194717
4 0.246442 0.889190 0.078958 0.181634
2 0.180160 0.883723 0.103869 0.195726