11 0.810792 0.239716 0.051400 0.098923
11 0.731792 0.259578 0.050401 0.097136
9 0.440237 0.207983 0.092788 0.184082
6 0.328293 0.204997 0.121525 0.225286
11 0.637491 0.450662 0.052523 0.082728
11 0.546100 0.437296 0.055541 0.084254
11 0.353522 0.443043 0.063874 0.085278
11 0.167746 0.415653 0.075938 0.089409
5 0.539069 0.534762 0.054421 0.076979
8 0.446085 0.516370 0.081856 0.125031
5 0.357908 0.538183 0.063258 0.078282
5 0.152436 0.526331 0.077818 0.081647
5 0.632447 0.616529 0.051747 0.069599
0 0.550951 0.606902 0.084461 0.136854
3 0.450505 0.626603 0.083511 0.115490
5 0.827381 0.732609 0.050971 0.059823
5 0.727107 0.723421 0.048435 0.061019
2 0.242480 0.804094 0.116460 0.098555