6 0.744932 0.209677 0.095987 0.128602
8 0.632923 0.210674 0.067617 0.106697
7 0.455901 0.210843 0.084948 0.124719
8 0.150731 0.204657 0.134533 0.112777
11 0.832418 0.269669 0.059400 0.070864
11 0.721336 0.286699 0.048761 0.071316
10 0.442697 0.308131 0.075603 0.106649
11 0.360211 0.289332 0.060938 0.073354
11 0.171644 0.278306 0.078534 0.074125
9 0.443069 0.417265 0.082605 0.147737
11 0.364149 0.377113 0.060631 0.080643
11 0.263579 0.378036 0.067498 0.081447
5 0.626337 0.461625 0.047688 0.087988
11 0.539770 0.455541 0.051182 0.087719
5 0.365189 0.568275 0.062247 0.097707
5 0.737020 0.670810 0.050496 0.105218
4 0.638481 0.697892 0.066228 0.169547
5 0.449766 0.656399 0.057171 0.105089
5 0.841853 0.757575 0.058821 0.114811
5 0.633940 0.751824 0.047127 0.112887
5 0.367152 0.763577 0.062593 0.115897
5 0.172700 0.763679 0.076519 0.117352
0 0.755469 0.894907 0.099988 0.208369
2 0.639800 0.883015 0.069969 0.200038
1 0.451928 0.885263 0.095481 0.227657
3 0.361960 0.891083 0.097850 0.216016
2 0.253741 0.884186 0.109041 0.201943