8 0.826730 0.123813 0.101825 0.172704
6 0.546075 0.109701 0.069835 0.219401
7 0.445016 0.110272 0.074031 0.220545
9 0.343233 0.101900 0.079485 0.203287
8 0.156171 0.117523 0.107980 0.172561
11 0.820099 0.231414 0.062406 0.097256
11 0.735724 0.251989 0.055225 0.095445
11 0.641551 0.231635 0.050111 0.097354
10 0.552302 0.214216 0.062078 0.153355
9 0.845219 0.300204 0.106570 0.167055
11 0.454002 0.348966 0.047067 0.088955
11 0.189606 0.357643 0.064086 0.088511
11 0.539212 0.440748 0.045424 0.081057
4 0.459097 0.410612 0.063871 0.118696
11 0.267510 0.421468 0.057371 0.082937
5 0.810601 0.530563 0.062206 0.073610
5 0.540485 0.532756 0.044483 0.073563
5 0.367295 0.633303 0.050855 0.065959
5 0.722599 0.721777 0.053637 0.058080
5 0.646406 0.720523 0.049967 0.058209
4 0.334649 0.698228 0.078665 0.082121
5 0.272626 0.725859 0.055901 0.058128
5 0.166829 0.733232 0.067255 0.057803
2 0.839205 0.803764 0.107485 0.084724
3 0.640032 0.807236 0.071538 0.083155
0 0.552908 0.795754 0.069415 0.102651
1 0.457012 0.817995 0.068328 0.092609
2 0.144549 0.797323 0.114240 0.087300