6 0.726757 0.205142 0.092168 0.130969
8 0.617939 0.199415 0.075557 0.108222
7 0.425891 0.214154 0.106476 0.130107
9 0.357803 0.203241 0.108889 0.116668
10 0.226703 0.212938 0.122413 0.106452
8 0.144981 0.203866 0.148562 0.121860
11 0.812572 0.286007 0.049601 0.073991
11 0.744182 0.275563 0.049798 0.073088
11 0.641455 0.291959 0.053735 0.074250
11 0.354092 0.283849 0.068595 0.076530
11 0.164284 0.294590 0.087459 0.081318
11 0.537146 0.392519 0.058953 0.084642
11 0.263257 0.381112 0.075732 0.085609
10 0.433293 0.513263 0.086588 0.148958
5 0.451462 0.565090 0.064947 0.100074
5 0.543986 0.645159 0.060239 0.105741
5 0.173874 0.668961 0.084653 0.111332
5 0.806660 0.757356 0.051232 0.116070
5 0.719950 0.756136 0.052354 0.114133
5 0.632503 0.758443 0.056521 0.115282
1 0.320348 0.830544 0.132122 0.256384
5 0.261440 0.755178 0.078720 0.117414
2 0.823819 0.883611 0.085247 0.203267
4 0.740550 0.880969 0.073272 0.202779
3 0.620630 0.894729 0.090115 0.208724
0 0.508447 0.891434 0.115574 0.215314
3 0.339049 0.891329 0.119551 0.215524
2 0.158015 0.886677 0.135765 0.207394