6 0.763824 0.102492 0.144242 0.204983
8 0.661966 0.111327 0.098903 0.184572
7 0.463776 0.111169 0.098907 0.222338
9 0.360223 0.098534 0.085607 0.197068
8 0.251517 0.124835 0.086185 0.182533
11 0.740839 0.247263 0.072964 0.105732
11 0.647090 0.257623 0.067698 0.103872
10 0.552466 0.215736 0.085997 0.155440
11 0.362996 0.229580 0.055346 0.104103
11 0.830323 0.320022 0.078019 0.100321
10 0.650065 0.329752 0.089574 0.139727
11 0.467253 0.356732 0.057372 0.095148
9 0.277904 0.314900 0.083523 0.173813
11 0.179168 0.345307 0.051571 0.095087
11 0.567954 0.429013 0.061514 0.089842
11 0.259751 0.435455 0.050455 0.087290
5 0.567691 0.516721 0.061275 0.082753
4 0.648727 0.618500 0.082717 0.108021
4 0.537195 0.620268 0.068298 0.105119
5 0.462344 0.627422 0.055328 0.073239
5 0.383655 0.605128 0.053698 0.074610
3 0.265590 0.601815 0.078353 0.123404
5 0.816941 0.710749 0.078682 0.071552
5 0.739410 0.717677 0.071376 0.069713
5 0.634905 0.709867 0.063588 0.068822
1 0.548460 0.685907 0.093240 0.127388
5 0.269835 0.734421 0.049285 0.063406
5 0.173282 0.716480 0.051276 0.065036
0 0.767183 0.811117 0.145648 0.124224
2 0.644429 0.792389 0.102083 0.102119
3 0.362230 0.824829 0.070701 0.089864
2 0.172299 0.807150 0.084667 0.095396