6 0.836152 0.104035 0.105028 0.208071
9 0.641061 0.102701 0.080020 0.205403
8 0.528005 0.112215 0.083799 0.200635
8 0.148308 0.107851 0.131759 0.204324
11 0.815412 0.235242 0.050400 0.113361
11 0.717408 0.245530 0.048822 0.112655
11 0.615299 0.331163 0.052724 0.105856
11 0.168609 0.331249 0.079790 0.108215
9 0.441552 0.393088 0.093725 0.181834
11 0.353232 0.443054 0.067696 0.098147
4 0.831287 0.518191 0.077299 0.129031
5 0.815075 0.630687 0.051098 0.079172
5 0.729638 0.720069 0.047834 0.072092
4 0.434213 0.693707 0.081457 0.111350
0 0.714146 0.795077 0.087862 0.128241
2 0.626179 0.792342 0.072044 0.106215
3 0.346468 0.804197 0.103690 0.111670
2 0.253927 0.793802 0.122099 0.113051