6 0.750034 0.178035 0.118845 0.098814
8 0.564952 0.191370 0.071670 0.082924
8 0.155519 0.191639 0.100789 0.083370
11 0.822315 0.276359 0.068263 0.058479
11 0.727473 0.285380 0.058566 0.058491
11 0.627625 0.298326 0.052200 0.058943
7 0.559075 0.308356 0.075660 0.111417
11 0.375164 0.280686 0.045620 0.057399
11 0.261066 0.294242 0.051323 0.058183
10 0.633353 0.396489 0.068752 0.104656
11 0.460774 0.368567 0.046173 0.064405
10 0.373679 0.383845 0.052363 0.093117
11 0.275191 0.366316 0.049540 0.064017
3 0.275226 0.497320 0.078679 0.127314
5 0.535785 0.559470 0.050023 0.079634
5 0.634645 0.663763 0.053905 0.087921
4 0.359352 0.672604 0.067835 0.129312
5 0.286510 0.671436 0.049214 0.087805
5 0.813206 0.764301 0.065618 0.096743
5 0.721236 0.759904 0.060053 0.096064
1 0.466546 0.785561 0.071873 0.199166
5 0.271803 0.757093 0.050345 0.094733
5 0.178131 0.751259 0.058186 0.094261
2 0.818283 0.867329 0.107551 0.170044
2 0.464894 0.881180 0.064245 0.169527
0 0.340083 0.892073 0.083477 0.214036