6 0.739738 0.199570 0.112625 0.103339
8 0.651949 0.208722 0.080948 0.087799
7 0.450526 0.196936 0.066789 0.095784
8 0.159946 0.210882 0.107400 0.087927
11 0.825000 0.284011 0.066637 0.059240
9 0.738935 0.292449 0.092729 0.098546
11 0.641308 0.270692 0.051802 0.058055
10 0.460723 0.277835 0.059502 0.079813
11 0.259159 0.277427 0.055099 0.058333
11 0.183490 0.277593 0.062143 0.058378
11 0.728436 0.382441 0.056398 0.067468
11 0.345707 0.371978 0.049310 0.066403
5 0.636185 0.462288 0.051520 0.073547
5 0.379342 0.485981 0.048682 0.075262
11 0.374530 0.562012 0.048250 0.081443
5 0.815893 0.657859 0.064932 0.090030
1 0.746600 0.703432 0.105462 0.189240
3 0.540669 0.694114 0.067491 0.166751
4 0.361506 0.669598 0.063037 0.128508
5 0.726320 0.750085 0.057726 0.096195
5 0.269671 0.766026 0.055023 0.097276
5 0.174428 0.755981 0.061858 0.096347
0 0.750370 0.888954 0.114879 0.220274
2 0.649308 0.866578 0.079127 0.171939
2 0.159517 0.886166 0.104088 0.174561