6 0.546196 0.101052 0.080025 0.202104
8 0.260762 0.100798 0.106248 0.201596
11 0.821436 0.247302 0.060558 0.117982
10 0.649112 0.214258 0.053381 0.197954
7 0.548256 0.176236 0.077240 0.263993
11 0.450638 0.234116 0.055598 0.119041
8 0.151813 0.195167 0.124452 0.198519
11 0.730050 0.321819 0.052795 0.111020
2 0.442010 0.317415 0.077783 0.179026
5 0.174917 0.332705 0.075026 0.110432
11 0.642902 0.417423 0.046409 0.101554
5 0.283098 0.515497 0.065665 0.093414
5 0.739063 0.611459 0.052871 0.083469
5 0.813595 0.703879 0.060804 0.074708
5 0.644272 0.703581 0.045914 0.074998
5 0.556871 0.709127 0.048254 0.074781
0 0.736732 0.790369 0.101608 0.134336
2 0.448733 0.809078 0.076547 0.108168
1 0.128811 0.790321 0.157327 0.135056