6 0.760840 0.110773 0.132754 0.221545
8 0.650254 0.125781 0.088211 0.183802
8 0.171611 0.101525 0.094003 0.188148
11 0.827132 0.250855 0.072081 0.106634
9 0.759471 0.192618 0.109513 0.202342
11 0.640057 0.253513 0.060507 0.105288
11 0.546564 0.250618 0.055641 0.105116
9 0.466432 0.209617 0.074197 0.195881
11 0.277844 0.250934 0.048245 0.103886
11 0.181422 0.231635 0.056143 0.105637
11 0.730814 0.329723 0.065721 0.098379
10 0.645485 0.323675 0.086193 0.148993
11 0.449126 0.354796 0.049291 0.094454
10 0.347088 0.307499 0.054756 0.142650
7 0.165765 0.396218 0.107232 0.182242
5 0.549036 0.522062 0.053533 0.081317
4 0.453569 0.512866 0.058944 0.130835
5 0.828840 0.626659 0.073803 0.074354
3 0.551325 0.605178 0.077090 0.127826
4 0.352821 0.616758 0.055571 0.105430
3 0.257935 0.614506 0.078605 0.124332
5 0.736289 0.710292 0.064915 0.066815
5 0.651210 0.719381 0.058603 0.065513
5 0.375649 0.713272 0.045970 0.064791
5 0.273772 0.722335 0.048023 0.063867
5 0.175794 0.699976 0.057741 0.065805
0 0.757290 0.804559 0.131949 0.118388
2 0.650002 0.788857 0.092622 0.098788
1 0.448055 0.804995 0.072726 0.105389
2 0.153929 0.792924 0.099397 0.096943