8 0.745794 0.103255 0.106887 0.206509
6 0.551715 0.102592 0.092754 0.205184
8 0.345250 0.100725 0.071632 0.201449
10 0.440222 0.195626 0.065763 0.195052
7 0.361274 0.163239 0.074225 0.271945
11 0.273941 0.324756 0.053600 0.112479
2 0.836396 0.416235 0.125483 0.169162
11 0.543265 0.424799 0.053526 0.102824
5 0.458026 0.418622 0.048182 0.103210
4 0.451143 0.607089 0.061453 0.122881
1 0.459646 0.673616 0.073741 0.156407
5 0.367163 0.707970 0.045756 0.076292
11 0.274658 0.711266 0.052680 0.075680
5 0.187050 0.696169 0.062264 0.077347
2 0.554140 0.792321 0.077165 0.113607
0 0.249392 0.774323 0.106987 0.140503