8 0.845766 0.113980 0.120607 0.196546
9 0.630487 0.103307 0.090900 0.206614
6 0.553252 0.108253 0.091653 0.216506
7 0.459927 0.107037 0.077782 0.214075
9 0.340431 0.105989 0.067621 0.211979
10 0.270299 0.116412 0.073960 0.198157
8 0.146828 0.131745 0.101090 0.193221
11 0.827305 0.224023 0.072896 0.114588
11 0.747484 0.257593 0.066902 0.110359
11 0.634747 0.257272 0.060257 0.109868
11 0.368368 0.251068 0.046151 0.109324
11 0.284236 0.240177 0.051051 0.110281
11 0.174919 0.255573 0.059492 0.110337
10 0.646036 0.302651 0.072451 0.153775
11 0.559550 0.334608 0.055191 0.102991
11 0.446850 0.437412 0.048715 0.093348
5 0.459036 0.513842 0.048532 0.087103
5 0.355597 0.533710 0.046728 0.084807
4 0.650622 0.600250 0.080213 0.128855
5 0.826841 0.708088 0.074561 0.071814
5 0.733817 0.724658 0.064611 0.069523
5 0.639318 0.729418 0.057532 0.068534
5 0.559679 0.721817 0.052828 0.068845
5 0.271520 0.702476 0.050463 0.069706
5 0.178503 0.714238 0.060461 0.068761
2 0.844878 0.795196 0.127496 0.106995
3 0.643707 0.780806 0.088361 0.107058
0 0.548844 0.782502 0.086512 0.126321
1 0.459973 0.785125 0.072519 0.119311
3 0.344500 0.789792 0.067601 0.102691
4 0.245090 0.778449 0.069952 0.091488
2 0.172386 0.804670 0.100750 0.101336