8 0.844019 0.174360 0.123610 0.091613
6 0.558511 0.178020 0.089722 0.101158
8 0.145610 0.193527 0.094015 0.087535
11 0.842605 0.268962 0.074847 0.063262
11 0.712022 0.298108 0.061860 0.063575
11 0.637866 0.274552 0.056963 0.060368
9 0.546225 0.279159 0.074073 0.097035
7 0.461812 0.298625 0.076010 0.112104
11 0.265667 0.266566 0.046743 0.058562
11 0.184043 0.279672 0.053045 0.059592
11 0.544924 0.371813 0.053250 0.067353
11 0.360154 0.383346 0.047869 0.067474
5 0.188913 0.454515 0.053470 0.072320
5 0.455838 0.567138 0.051414 0.082341
3 0.360244 0.594692 0.070509 0.147287
10 0.236166 0.580463 0.079648 0.119269
5 0.551987 0.652409 0.054951 0.089290
5 0.831374 0.758807 0.071866 0.099802
5 0.734820 0.742823 0.065505 0.097751
5 0.639158 0.761886 0.060249 0.098691
1 0.569684 0.793280 0.091725 0.204639
9 0.346272 0.775820 0.071432 0.176625
5 0.271650 0.741059 0.047050 0.095302
4 0.165359 0.758258 0.088525 0.141153
0 0.757556 0.888453 0.129553 0.221275
2 0.640719 0.873854 0.086889 0.172975
3 0.372511 0.865318 0.072078 0.192424
2 0.163136 0.883725 0.089951 0.172913