6 0.671968 0.224660 0.111947 0.152618
8 0.350198 0.208324 0.079031 0.116663
11 0.813060 0.299975 0.074455 0.081010
11 0.542570 0.303623 0.049398 0.080698
11 0.717864 0.367282 0.063184 0.086397
5 0.352788 0.377498 0.051766 0.086920
7 0.846586 0.523671 0.146029 0.212937
11 0.539225 0.486043 0.049582 0.098306
1 0.458774 0.507906 0.070967 0.207900
5 0.725542 0.685281 0.065139 0.118353
5 0.255819 0.680048 0.060845 0.116571
5 0.645983 0.775630 0.059046 0.126312
0 0.756661 0.894758 0.133407 0.208667
2 0.343643 0.899875 0.078099 0.198432