8 0.453956 0.205936 0.069681 0.112178
6 0.348237 0.203681 0.080554 0.135521
11 0.824488 0.288429 0.080965 0.079735
11 0.752027 0.279668 0.072643 0.077859
8 0.542768 0.310283 0.080275 0.127775
11 0.280162 0.280490 0.047722 0.075830
9 0.752953 0.423451 0.120378 0.161990
7 0.472294 0.401105 0.082470 0.171880
5 0.745831 0.490567 0.071745 0.096855
2 0.448723 0.493775 0.071358 0.152947
5 0.179023 0.476855 0.057726 0.093388
11 0.635046 0.566448 0.064658 0.103258
5 0.445273 0.579445 0.052733 0.103436
5 0.827297 0.672344 0.079718 0.113928
3 0.647822 0.695961 0.100623 0.211579
5 0.638949 0.754856 0.065191 0.120369
1 0.454174 0.827547 0.085899 0.267809
2 0.859344 0.894276 0.132144 0.209629
0 0.654864 0.891511 0.121857 0.215160