6 0.774915 0.103226 0.148686 0.206453
11 0.717616 0.233235 0.070071 0.123941
11 0.354573 0.338007 0.047243 0.112341
11 0.187084 0.321033 0.058713 0.113716
2 0.560555 0.410300 0.081136 0.170883
11 0.381612 0.423473 0.047058 0.105420
5 0.187432 0.440465 0.058729 0.102463
5 0.753671 0.526986 0.072054 0.096827
5 0.537583 0.538678 0.056104 0.093852
5 0.357380 0.601305 0.045736 0.088337
0 0.753307 0.688230 0.143867 0.173075
3 0.654102 0.696979 0.099062 0.139967
9 0.651817 0.803044 0.098216 0.119771
8 0.370346 0.785896 0.066898 0.115312