6 0.757125 0.189537 0.120460 0.116742
8 0.653432 0.215253 0.082680 0.099985
7 0.441746 0.221181 0.068913 0.116178
9 0.357332 0.217528 0.075521 0.101193
10 0.240528 0.194981 0.091644 0.090469
8 0.146503 0.191828 0.116713 0.096522
11 0.823107 0.294441 0.067963 0.067299
11 0.729795 0.294090 0.058048 0.067177
11 0.635054 0.288825 0.052351 0.066643
9 0.535134 0.298101 0.065275 0.115891
11 0.366462 0.281615 0.050516 0.065874
11 0.273209 0.291041 0.056207 0.066713
11 0.158686 0.281176 0.068697 0.065835
10 0.648425 0.383101 0.077206 0.104939
11 0.550259 0.367323 0.047565 0.073993
5 0.468018 0.565340 0.046063 0.090872
11 0.360281 0.575136 0.051645 0.091859
5 0.722316 0.657436 0.058862 0.099019
4 0.651124 0.702559 0.079350 0.154733
5 0.835414 0.772807 0.068783 0.109863
3 0.742995 0.794284 0.097731 0.208189
5 0.647922 0.748662 0.054447 0.107016
5 0.553999 0.760328 0.047999 0.108268
1 0.336012 0.829516 0.087872 0.242862
5 0.258662 0.750339 0.059344 0.107030
5 0.171824 0.768406 0.066264 0.109038
0 0.750254 0.896567 0.118585 0.205048
2 0.633851 0.864555 0.077287 0.187476
3 0.353633 0.890642 0.076998 0.216898
4 0.244711 0.893643 0.092153 0.185293
2 0.171822 0.871510 0.106482 0.188534