8 0.721763 0.272732 0.076821 0.098094
11 0.811294 0.379463 0.050341 0.068215
11 0.263051 0.365889 0.065064 0.069708
3 0.838745 0.484025 0.086485 0.129700
6 0.630413 0.499910 0.088217 0.158547
9 0.535138 0.479297 0.075788 0.129741
11 0.349909 0.475800 0.061765 0.078112
5 0.178599 0.461984 0.073645 0.078871
11 0.715862 0.568031 0.049010 0.082960
2 0.352421 0.578128 0.092840 0.138492
5 0.558858 0.656293 0.052599 0.090262
5 0.830267 0.750630 0.052689 0.097345
0 0.721515 0.788929 0.094373 0.216975
5 0.645588 0.746876 0.050905 0.097240