6 0.746530 0.104192 0.106953 0.208383
8 0.643557 0.124139 0.070871 0.195585
7 0.432911 0.103776 0.087028 0.207551
8 0.162463 0.129988 0.117825 0.197414
11 0.836020 0.238834 0.064149 0.111591
11 0.728864 0.233709 0.055317 0.112365
11 0.632988 0.230066 0.048467 0.113010
9 0.529257 0.194023 0.067712 0.216976
11 0.355346 0.231592 0.057987 0.113592
10 0.260795 0.180552 0.090085 0.195627
10 0.652445 0.315898 0.058316 0.173660
11 0.432590 0.350074 0.052927 0.101813
11 0.183617 0.341600 0.070533 0.103659
11 0.532214 0.426102 0.047861 0.094991
9 0.255617 0.390774 0.104484 0.181158
5 0.546798 0.536997 0.046506 0.086283
11 0.170073 0.524568 0.072458 0.087355
4 0.638946 0.598766 0.063287 0.118920
5 0.447329 0.610858 0.050717 0.078835
5 0.365625 0.630726 0.056635 0.077140
5 0.835435 0.727061 0.064553 0.068243
5 0.738683 0.710629 0.054358 0.069741
5 0.622073 0.702067 0.047065 0.070762
4 0.449654 0.690943 0.063026 0.113200
3 0.361335 0.688052 0.084355 0.126124
5 0.272356 0.731675 0.062030 0.068862
0 0.752479 0.782666 0.108427 0.126798
2 0.649623 0.797131 0.072710 0.102873
1 0.440425 0.772453 0.078337 0.124169
3 0.351170 0.788542 0.086260 0.107526
2 0.154406 0.787208 0.124622 0.106430