6 0.754886 0.215449 0.132378 0.143338
8 0.354187 0.211593 0.076131 0.115059
8 0.158258 0.207151 0.114658 0.114351
11 0.744971 0.297110 0.065692 0.078929
11 0.633403 0.283342 0.057126 0.076980
10 0.450849 0.300217 0.054058 0.125438
11 0.268014 0.286437 0.056444 0.076554
11 0.825984 0.382639 0.074493 0.086793
7 0.261463 0.438120 0.103501 0.186495
9 0.642361 0.494738 0.087223 0.178534
11 0.539946 0.483859 0.051548 0.095326
5 0.363126 0.479943 0.049770 0.096076
11 0.159608 0.484767 0.068911 0.096440
11 0.466761 0.580286 0.045842 0.105763
5 0.271677 0.586168 0.057774 0.106157
5 0.741331 0.689620 0.066624 0.117109
1 0.143024 0.723019 0.132354 0.252770
5 0.813923 0.768621 0.072513 0.123518
3 0.746320 0.822710 0.108775 0.244476
5 0.642546 0.759814 0.058942 0.124180
5 0.547068 0.766109 0.052356 0.124807
4 0.450544 0.808989 0.062921 0.199038
5 0.179248 0.757057 0.065198 0.122669
0 0.743297 0.896455 0.130102 0.205273
2 0.352977 0.886816 0.074947 0.216162
2 0.170463 0.897197 0.107000 0.203789