6 0.760040 0.113276 0.115247 0.226552
8 0.468387 0.105035 0.067327 0.198330
8 0.338743 0.100888 0.085054 0.199617
11 0.812423 0.250440 0.063610 0.109464
9 0.753696 0.207105 0.094516 0.212303
11 0.649668 0.243979 0.051563 0.110402
11 0.536567 0.247009 0.045288 0.110187
11 0.259886 0.236830 0.062614 0.111867
11 0.187624 0.236552 0.068427 0.112056
11 0.730948 0.334107 0.056517 0.102012
10 0.433757 0.311354 0.058720 0.174081
10 0.364311 0.315076 0.074821 0.155687
11 0.340690 0.421052 0.056583 0.094765
3 0.633356 0.483101 0.071213 0.160959
5 0.352816 0.537656 0.055990 0.083929
5 0.727542 0.618381 0.056034 0.076624
5 0.455193 0.615902 0.049303 0.077191
4 0.337660 0.601164 0.080996 0.123830
5 0.157008 0.611152 0.072082 0.078286
5 0.805345 0.708369 0.063072 0.069065
3 0.729768 0.690104 0.089055 0.122011
5 0.639680 0.715299 0.049531 0.068465
5 0.264173 0.699288 0.060628 0.070559
0 0.745261 0.794228 0.112098 0.122945
2 0.461348 0.791239 0.065611 0.102498
2 0.356218 0.777339 0.084017 0.105115