11 0.803506 0.244380 0.051476 0.109399
11 0.730285 0.252754 0.046617 0.108665
9 0.543940 0.201176 0.081979 0.209392
6 0.538269 0.291984 0.091269 0.229829
11 0.444875 0.330909 0.060316 0.104415
8 0.358557 0.304844 0.095423 0.169882
11 0.181725 0.337838 0.076417 0.104033
11 0.543864 0.430362 0.054512 0.095201
2 0.161202 0.413624 0.129341 0.160309
4 0.551567 0.512518 0.065393 0.122180
5 0.624470 0.630513 0.050203 0.076954
5 0.265568 0.616320 0.069505 0.080908
5 0.829722 0.714557 0.054929 0.069145
5 0.720568 0.735334 0.046683 0.068400
8 0.359179 0.692396 0.097327 0.119223
5 0.179168 0.700082 0.078430 0.074687
0 0.644103 0.800628 0.081390 0.121876
2 0.428560 0.801047 0.087388 0.103954