6 0.720352 0.223272 0.097634 0.144302
8 0.622378 0.215387 0.082670 0.118375
7 0.449716 0.213092 0.115089 0.141246
9 0.341130 0.216799 0.124597 0.132157
10 0.230431 0.214628 0.129807 0.127677
8 0.151344 0.203797 0.158801 0.132795
11 0.826808 0.283818 0.052698 0.078822
11 0.730560 0.274044 0.054198 0.078190
11 0.642386 0.300046 0.058773 0.081911
11 0.432542 0.279178 0.070184 0.081488
11 0.359702 0.274931 0.074898 0.082185
11 0.251522 0.283503 0.084468 0.084236
11 0.174406 0.296232 0.093003 0.087553
10 0.643260 0.408580 0.080687 0.127432
11 0.535688 0.376984 0.063974 0.088478
5 0.435403 0.573890 0.072895 0.107163
5 0.349437 0.581586 0.078117 0.109227
1 0.323092 0.740068 0.146948 0.253348
5 0.158334 0.681390 0.094094 0.120621
5 0.827464 0.756086 0.055575 0.121950
5 0.738170 0.743367 0.057306 0.120835
5 0.634366 0.761617 0.062138 0.122153
5 0.538223 0.752515 0.067293 0.122362
5 0.259297 0.766981 0.086446 0.126619
2 0.829633 0.893725 0.092733 0.210731
4 0.719262 0.901382 0.090763 0.195418
3 0.624806 0.893972 0.102960 0.210238
0 0.518830 0.881461 0.130506 0.235260
3 0.335999 0.891221 0.134538 0.215740
2 0.152842 0.881714 0.147488 0.218113