6 0.744782 0.209696 0.121001 0.127577
8 0.648098 0.218196 0.084138 0.106369
9 0.336779 0.210337 0.079310 0.106816
8 0.155791 0.224532 0.115230 0.107023
11 0.820603 0.288480 0.069653 0.070746
7 0.559272 0.319327 0.074970 0.142534
11 0.348535 0.289236 0.051308 0.070269
11 0.740045 0.394468 0.060755 0.080344
11 0.645299 0.378892 0.054984 0.078574
10 0.566688 0.394298 0.058173 0.114774
11 0.361363 0.379585 0.051567 0.078373
11 0.286147 0.392272 0.056001 0.079662
11 0.559595 0.487745 0.048977 0.088861
11 0.173398 0.470300 0.067433 0.086642
5 0.548113 0.553498 0.048957 0.094634
5 0.157806 0.581844 0.068881 0.097611
4 0.548570 0.692786 0.059245 0.155119
5 0.463944 0.657733 0.046020 0.104903
5 0.278976 0.656932 0.057526 0.104629
5 0.816124 0.780848 0.067756 0.116024
5 0.723031 0.770948 0.061599 0.114695
5 0.644295 0.767746 0.055119 0.114186
5 0.361826 0.772608 0.051394 0.114471
3 0.251712 0.795134 0.096195 0.219444
0 0.747321 0.900039 0.122074 0.198105
2 0.653178 0.879045 0.082797 0.199694
1 0.457786 0.898855 0.071049 0.200472
2 0.160350 0.884929 0.110186 0.200233