2 0.555516 0.187298 0.066843 0.109210
6 0.849406 0.295360 0.124144 0.153287
11 0.648643 0.286222 0.046571 0.074993
11 0.747676 0.369972 0.051682 0.082331
11 0.257217 0.384099 0.068884 0.085113
11 0.810733 0.474409 0.057608 0.092487
4 0.265813 0.496581 0.103436 0.137654
5 0.823715 0.552785 0.058597 0.099952
10 0.728281 0.593184 0.063066 0.150742
5 0.467903 0.565865 0.056261 0.101442
5 0.171575 0.573429 0.078431 0.104487
5 0.735651 0.665678 0.051752 0.110248
9 0.653848 0.713872 0.067959 0.212785
3 0.345185 0.709674 0.098755 0.212999
8 0.629544 0.782740 0.068670 0.194968
0 0.537013 0.891344 0.085782 0.215495