6 0.749198 0.115903 0.103159 0.231806
8 0.629877 0.107104 0.069417 0.214208
7 0.442531 0.115556 0.099554 0.231111
11 0.807694 0.224701 0.059011 0.129434
11 0.739320 0.238756 0.053845 0.127881
11 0.642732 0.212701 0.046692 0.129674
11 0.269182 0.242188 0.072399 0.128140
8 0.147830 0.199382 0.134494 0.213642
9 0.446915 0.290324 0.088768 0.229718
10 0.348447 0.290196 0.086138 0.202348
11 0.186427 0.312623 0.079154 0.121249
11 0.649783 0.421470 0.046459 0.109113
4 0.531464 0.410002 0.070624 0.166152
11 0.442643 0.426303 0.057970 0.109781
10 0.539073 0.496316 0.064521 0.163927
5 0.462321 0.522584 0.057193 0.100368
5 0.824031 0.622685 0.061262 0.090055
4 0.656070 0.583737 0.058051 0.132294
5 0.552577 0.609233 0.050286 0.091536
1 0.249505 0.574697 0.135634 0.196338
5 0.737465 0.712795 0.052447 0.081572
5 0.624395 0.708109 0.046574 0.081429
3 0.457661 0.683890 0.082170 0.150191
5 0.271599 0.727655 0.070198 0.081356
5 0.162494 0.694165 0.083746 0.085486
0 0.739509 0.778043 0.099555 0.149771
2 0.633963 0.804139 0.068653 0.118700
2 0.135543 0.795690 0.144411 0.124630