6 0.762136 0.108438 0.106230 0.216876
11 0.711716 0.227829 0.050089 0.129625
8 0.658667 0.193630 0.070567 0.210805
7 0.439564 0.162843 0.100772 0.291878
9 0.236944 0.173718 0.123647 0.254749
11 0.157686 0.219633 0.082558 0.132452
1 0.845939 0.274074 0.117287 0.263209
11 0.651666 0.339462 0.047517 0.118669
11 0.559693 0.321900 0.051799 0.119562
11 0.260579 0.319701 0.074304 0.122132
11 0.363920 0.418977 0.064589 0.111539
5 0.633207 0.509817 0.046333 0.101053
5 0.816471 0.631357 0.059788 0.089117
2 0.750193 0.598479 0.085285 0.150356
5 0.353239 0.622347 0.065263 0.091478
0 0.831567 0.691796 0.123209 0.172900
5 0.728933 0.711022 0.051436 0.082026
5 0.162741 0.700412 0.083829 0.084976
2 0.544601 0.795578 0.068940 0.119683
8 0.433363 0.797047 0.085597 0.121093
3 0.353051 0.775123 0.100513 0.132565