6 0.730558 0.113291 0.093941 0.226581
8 0.632599 0.108465 0.068643 0.184385
7 0.253054 0.109172 0.118837 0.218344
8 0.153150 0.123709 0.118466 0.186449
11 0.812928 0.251737 0.055754 0.103378
9 0.743625 0.207636 0.080296 0.195081
11 0.647925 0.238629 0.045745 0.105105
11 0.538455 0.252546 0.050554 0.104221
11 0.744606 0.326385 0.050619 0.096322
10 0.631027 0.312992 0.056050 0.139997
11 0.360599 0.323593 0.059209 0.098119
11 0.441247 0.442275 0.054583 0.088372
3 0.432766 0.520365 0.079076 0.141930
5 0.349499 0.532174 0.058740 0.080747
5 0.275045 0.518829 0.062744 0.082269
4 0.639665 0.607174 0.053464 0.106290
5 0.536280 0.612010 0.048885 0.073084
11 0.166243 0.620683 0.073748 0.074611
5 0.819348 0.705474 0.057738 0.065225
5 0.737325 0.728095 0.049695 0.063333
5 0.626488 0.729994 0.046070 0.063405
1 0.561136 0.690338 0.072681 0.126197
5 0.181833 0.709840 0.072590 0.067365
0 0.735116 0.785144 0.095343 0.115506
2 0.642098 0.808884 0.068290 0.093861
2 0.339086 0.801004 0.092962 0.097142