6 0.735268 0.113425 0.099297 0.226850
8 0.546870 0.098991 0.067488 0.197540
8 0.141422 0.104748 0.122319 0.198376
11 0.824536 0.237808 0.059861 0.110261
11 0.731708 0.249415 0.051702 0.109154
11 0.620183 0.232624 0.046633 0.111470
7 0.543533 0.180665 0.076782 0.244246
11 0.368564 0.239561 0.059090 0.111749
11 0.266552 0.234430 0.066811 0.112937
10 0.641738 0.300088 0.058674 0.152826
11 0.451761 0.315738 0.055052 0.105038
10 0.344787 0.311293 0.083356 0.157211
11 0.266803 0.340455 0.066356 0.103246
5 0.537636 0.526628 0.049526 0.085888
5 0.622614 0.632521 0.046244 0.076586
4 0.359936 0.610213 0.080878 0.125957
5 0.268231 0.612685 0.064308 0.078616
5 0.810251 0.706724 0.059260 0.069418
5 0.723101 0.704050 0.050217 0.069576
1 0.428373 0.672820 0.084621 0.140955
5 0.267357 0.719501 0.064736 0.070000
5 0.164539 0.725218 0.075204 0.070310
2 0.841679 0.785573 0.103165 0.104051
3 0.628323 0.800451 0.063963 0.101038
2 0.458669 0.803186 0.073585 0.101584
0 0.348444 0.799542 0.109541 0.125203