6 0.769934 0.109320 0.163393 0.218641
8 0.651485 0.106347 0.105750 0.212693
8 0.364098 0.103313 0.081756 0.206626
11 0.838614 0.242372 0.086618 0.126495
11 0.748753 0.213121 0.079577 0.129121
11 0.637141 0.237319 0.072304 0.127104
11 0.166043 0.231704 0.053030 0.125349
11 0.558206 0.339175 0.066304 0.117220
9 0.158339 0.289331 0.088945 0.221041
4 0.664578 0.398769 0.102781 0.177852
10 0.455409 0.387190 0.081635 0.163445
7 0.267580 0.366025 0.084045 0.231916
5 0.750145 0.619663 0.078227 0.091841
11 0.361088 0.625650 0.051822 0.088164
5 0.847282 0.714866 0.089343 0.084373
3 0.771111 0.687126 0.135850 0.152020
5 0.643506 0.710842 0.069348 0.082722
5 0.552612 0.706587 0.062379 0.082040
1 0.370411 0.691242 0.081292 0.157056
5 0.280342 0.707000 0.048129 0.080818
5 0.159301 0.718050 0.054522 0.079289
0 0.743553 0.789675 0.155613 0.155171
2 0.466747 0.781321 0.079529 0.120316
2 0.155914 0.803191 0.091034 0.118466