6 0.737870 0.102075 0.107713 0.204149
8 0.535458 0.133540 0.061453 0.171630
11 0.826855 0.245157 0.062372 0.096278
7 0.248546 0.206838 0.105852 0.207605
11 0.726733 0.342476 0.055415 0.089505
11 0.553614 0.340152 0.045171 0.089761
9 0.356002 0.314198 0.076497 0.165430
10 0.248670 0.326980 0.089740 0.140242
5 0.717253 0.432414 0.053872 0.081786
5 0.554960 0.441651 0.045584 0.081076
5 0.816516 0.534869 0.062382 0.073460
11 0.369562 0.520446 0.051547 0.074743
11 0.188394 0.535303 0.063370 0.073729
3 0.739191 0.606670 0.088865 0.115180
3 0.463409 0.609926 0.065051 0.114747
5 0.715927 0.710333 0.052700 0.058980
1 0.561785 0.694737 0.066967 0.113698
5 0.177064 0.722784 0.066022 0.058476
0 0.863121 0.802371 0.133663 0.101262
2 0.647725 0.808989 0.076164 0.084167