6 0.746508 0.200985 0.092288 0.119366
8 0.332947 0.188564 0.101570 0.101822
11 0.821267 0.281021 0.054235 0.067026
7 0.631251 0.306354 0.074134 0.130654
11 0.352469 0.266865 0.061053 0.067737
11 0.634820 0.375409 0.048059 0.075169
9 0.544128 0.395887 0.074492 0.133219
2 0.444989 0.392077 0.080076 0.125279
1 0.347899 0.400971 0.105958 0.153027
11 0.247370 0.371795 0.069359 0.077595
11 0.173390 0.370464 0.076671 0.078421
11 0.550646 0.477795 0.051701 0.084823
10 0.346657 0.474967 0.088610 0.122195
5 0.559205 0.581042 0.052889 0.093137
5 0.266094 0.582350 0.068668 0.095283
4 0.635551 0.678977 0.060499 0.146914
5 0.358567 0.667168 0.063401 0.101127
5 0.803180 0.764714 0.052426 0.108573
5 0.722593 0.743851 0.046576 0.106553
5 0.631674 0.768585 0.049770 0.109665
3 0.347480 0.801139 0.099043 0.208568
5 0.166031 0.754000 0.075368 0.109402
0 0.732705 0.887055 0.092992 0.224071
2 0.156482 0.866315 0.124596 0.190921