8 0.729179 0.102890 0.086255 0.205780
5 0.822467 0.321916 0.063848 0.119396
11 0.549641 0.317235 0.047411 0.118816
5 0.542788 0.428132 0.048788 0.107629
11 0.447099 0.412895 0.054753 0.110089
11 0.150664 0.428920 0.079465 0.109422
8 0.745111 0.485907 0.090756 0.164725
5 0.454277 0.513299 0.053587 0.100035
6 0.352991 0.462281 0.112393 0.231626
9 0.260628 0.482473 0.113253 0.190177
3 0.538484 0.562646 0.068530 0.171246
11 0.339148 0.611106 0.062791 0.090943
5 0.734868 0.709094 0.055756 0.079813
2 0.649162 0.693390 0.071850 0.133179
0 0.748070 0.772747 0.109712 0.149322
2 0.160757 0.806574 0.134736 0.120018