6 0.528570 0.114231 0.122744 0.228461
9 0.348285 0.117419 0.129919 0.234838
2 0.259230 0.116873 0.128474 0.225454
11 0.818884 0.235257 0.049321 0.128477
10 0.530798 0.190245 0.093682 0.204977
8 0.153311 0.188854 0.148892 0.219522
11 0.723896 0.322043 0.054046 0.122186
5 0.161822 0.344921 0.094250 0.123752
11 0.548939 0.422184 0.062829 0.112894
9 0.352626 0.378124 0.123076 0.214393
5 0.550838 0.505716 0.062216 0.103917
0 0.726170 0.571597 0.097707 0.202814
5 0.625567 0.606608 0.056715 0.093433
5 0.809899 0.719032 0.049333 0.083613
3 0.719279 0.678702 0.079744 0.150619
5 0.280582 0.727391 0.081129 0.085977
2 0.150068 0.779460 0.159748 0.138136