6 0.745798 0.109850 0.101961 0.219701
8 0.648677 0.127039 0.069860 0.174580
7 0.464371 0.102938 0.078762 0.205876
9 0.351507 0.107357 0.083908 0.205117
8 0.169486 0.115474 0.110131 0.176841
11 0.832793 0.246910 0.060012 0.097359
11 0.737930 0.230952 0.052045 0.098821
11 0.650975 0.229983 0.046830 0.099063
11 0.457225 0.250698 0.051121 0.097693
11 0.364706 0.238221 0.055741 0.099076
11 0.276537 0.235243 0.059961 0.099585
11 0.175322 0.236961 0.067603 0.099865
10 0.650200 0.317585 0.061040 0.135498
10 0.362584 0.329175 0.074033 0.136883
11 0.550839 0.436339 0.046672 0.083181
9 0.370133 0.417552 0.078608 0.150469
3 0.262663 0.425293 0.097236 0.150373
5 0.562331 0.538290 0.046223 0.074895
4 0.646459 0.594931 0.062349 0.110430
5 0.439590 0.629668 0.049913 0.068085
5 0.355072 0.634475 0.054285 0.067976
5 0.827700 0.710141 0.061130 0.060749
5 0.738289 0.726846 0.052101 0.059434
5 0.638961 0.701964 0.046213 0.061229
5 0.261706 0.723400 0.060433 0.060685
5 0.176102 0.714997 0.068493 0.061728
2 0.854202 0.811020 0.104842 0.087153
0 0.551825 0.804670 0.068952 0.104147
1 0.440349 0.802700 0.074795 0.098403
3 0.360869 0.822962 0.081245 0.085037
4 0.257918 0.799162 0.097284 0.075701
2 0.167192 0.794024 0.115973 0.092178