6 0.760155 0.104998 0.118108 0.209997
8 0.260653 0.121682 0.099820 0.205633
11 0.826285 0.227477 0.065193 0.117124
10 0.743313 0.213940 0.079852 0.175644
11 0.734244 0.344746 0.057435 0.106850
11 0.549292 0.334238 0.046341 0.108474
9 0.355825 0.295837 0.085742 0.208755
5 0.734579 0.522972 0.057004 0.090798
5 0.644848 0.516882 0.050691 0.090006
11 0.459256 0.507794 0.049352 0.091361
8 0.255465 0.511969 0.102274 0.148544
5 0.547748 0.626610 0.045497 0.080722
4 0.455907 0.585813 0.066221 0.121891
11 0.350036 0.605335 0.056286 0.083478
5 0.266629 0.609432 0.062145 0.083193
2 0.167843 0.606838 0.119427 0.136048
5 0.814915 0.717817 0.066117 0.071925
0 0.767540 0.685856 0.118976 0.156648
3 0.341750 0.680122 0.086040 0.133672
2 0.631473 0.773369 0.073800 0.111124