6 0.749152 0.198338 0.115233 0.133655
8 0.629862 0.204025 0.074211 0.110258
9 0.356750 0.211754 0.084998 0.116835
10 0.247357 0.215702 0.087963 0.098592
8 0.163820 0.227400 0.123930 0.115314
11 0.825139 0.298925 0.067979 0.075796
11 0.742744 0.279802 0.058206 0.073619
7 0.542702 0.327614 0.068952 0.154712
11 0.356515 0.304697 0.056542 0.077023
11 0.263604 0.289807 0.063477 0.075555
11 0.162224 0.285028 0.074602 0.075377
10 0.625993 0.397383 0.059584 0.123157
11 0.552223 0.372387 0.045466 0.083110
11 0.445857 0.383198 0.050757 0.084593
11 0.642512 0.472035 0.050337 0.091819
5 0.436102 0.577648 0.051242 0.101718
5 0.348066 0.578342 0.058224 0.102025
5 0.741485 0.660830 0.058492 0.109821
4 0.649682 0.703165 0.066527 0.185669
4 0.355094 0.693961 0.074066 0.186716
5 0.815759 0.751965 0.064838 0.119500
3 0.751617 0.803270 0.096532 0.232107
5 0.626837 0.774362 0.049963 0.120452
5 0.543511 0.778566 0.046583 0.121185
1 0.434766 0.821449 0.084102 0.267547
5 0.248046 0.758440 0.066219 0.119156
5 0.169197 0.757982 0.073001 0.119309
0 0.747643 0.891634 0.116125 0.214915
2 0.640031 0.900990 0.074089 0.196203
2 0.168983 0.892751 0.117047 0.211895