6 0.749656 0.109249 0.120074 0.218497
9 0.638494 0.104376 0.081852 0.205313
8 0.556880 0.130386 0.070380 0.174295
11 0.835199 0.227545 0.067745 0.100279
11 0.651572 0.248694 0.055598 0.097798
5 0.638459 0.333815 0.054367 0.092004
2 0.362494 0.332616 0.069701 0.147913
5 0.168939 0.331242 0.061535 0.091574
11 0.447818 0.437543 0.045985 0.082687
5 0.732138 0.529982 0.059289 0.075741
11 0.445338 0.638342 0.045779 0.066724
5 0.726198 0.717038 0.058465 0.060365
5 0.644612 0.715567 0.053247 0.060225
8 0.160613 0.703653 0.103024 0.100240
0 0.754139 0.795713 0.120072 0.106809
2 0.653640 0.814555 0.085055 0.087181
4 0.269264 0.807213 0.076199 0.076453