8 0.853419 0.194290 0.092377 0.088744
9 0.648190 0.181010 0.067043 0.083158
6 0.537059 0.208431 0.077460 0.104837
7 0.460635 0.184349 0.080924 0.095463
9 0.360235 0.194434 0.089668 0.089412
8 0.136522 0.188877 0.127904 0.095985
11 0.831146 0.276296 0.053378 0.060089
11 0.741140 0.283543 0.047103 0.060236
11 0.638188 0.273055 0.048148 0.059729
11 0.262271 0.278807 0.065482 0.063485
10 0.634747 0.389984 0.057815 0.108383
11 0.435475 0.363341 0.054768 0.067527
10 0.355301 0.391395 0.087108 0.098242
11 0.158644 0.360702 0.074919 0.069992
3 0.712473 0.484730 0.073440 0.129583
11 0.554143 0.456117 0.051617 0.073393
5 0.537869 0.556774 0.052531 0.082198
4 0.338758 0.684720 0.079607 0.135402
4 0.142140 0.680464 0.117166 0.143321
5 0.827127 0.743272 0.053878 0.096231
5 0.718924 0.747047 0.047991 0.096426
5 0.615643 0.761097 0.051450 0.098033
5 0.369697 0.744926 0.060655 0.097910
5 0.272309 0.753076 0.065320 0.099174
5 0.188952 0.743740 0.070323 0.099060
2 0.840942 0.885938 0.089405 0.174337
3 0.635407 0.881101 0.075750 0.195839
0 0.543023 0.889039 0.090428 0.220103
1 0.423447 0.893185 0.096677 0.211811
2 0.166384 0.860424 0.116896 0.175723