8 0.850809 0.211876 0.134647 0.110428
6 0.557678 0.192774 0.098126 0.120345
7 0.456462 0.192568 0.079202 0.112463
8 0.160054 0.191264 0.091668 0.100148
11 0.810480 0.277211 0.077280 0.071411
11 0.721338 0.290179 0.067769 0.071122
11 0.627195 0.264842 0.061030 0.068125
10 0.462209 0.289141 0.059435 0.099281
9 0.276651 0.306357 0.072658 0.116404
10 0.652948 0.385182 0.092713 0.121325
11 0.566026 0.371751 0.058674 0.076686
11 0.259910 0.376947 0.046836 0.075338
11 0.181301 0.386972 0.053331 0.076360
9 0.366689 0.484675 0.071246 0.148596
5 0.539430 0.567488 0.057406 0.092733
4 0.461599 0.584321 0.068500 0.131294
5 0.654033 0.682144 0.065723 0.103263
3 0.560978 0.694895 0.089583 0.187536
4 0.354704 0.675794 0.073748 0.153983
5 0.834270 0.751342 0.076536 0.109728
5 0.734083 0.761435 0.071090 0.109994
3 0.559929 0.810273 0.091436 0.207397
5 0.280889 0.748198 0.046854 0.107192
5 0.185716 0.755763 0.052673 0.107837
0 0.746319 0.889930 0.139190 0.218322
2 0.661828 0.876774 0.096429 0.191575
1 0.483258 0.893759 0.092366 0.210664
2 0.158378 0.875591 0.089930 0.190418