6 0.756810 0.199894 0.125863 0.116828
11 0.739490 0.273353 0.061690 0.064812
11 0.632569 0.279245 0.055003 0.064918
11 0.824625 0.362583 0.070459 0.072819
11 0.542643 0.379428 0.049740 0.073125
8 0.170946 0.382191 0.102117 0.120382
5 0.552634 0.567536 0.051950 0.089007
2 0.375732 0.589184 0.067697 0.146878
11 0.261494 0.569811 0.052760 0.088465
11 0.158087 0.565431 0.062572 0.088026
5 0.724983 0.660017 0.062005 0.096820
5 0.639539 0.668476 0.056428 0.097344
5 0.266007 0.657718 0.053762 0.097162
5 0.829183 0.761068 0.069533 0.107513
0 0.668105 0.837199 0.107269 0.251084
5 0.168676 0.775722 0.061908 0.107165