6 0.730657 0.104115 0.112523 0.208229
8 0.630833 0.117295 0.073705 0.209441
11 0.824056 0.217349 0.067047 0.120561
11 0.751327 0.231909 0.060579 0.121077
5 0.635847 0.426351 0.051455 0.102071
5 0.440166 0.426144 0.051313 0.100583
11 0.261737 0.413054 0.064612 0.102595
2 0.444063 0.514252 0.068187 0.150249
11 0.359482 0.513488 0.056294 0.093443
5 0.828420 0.726148 0.068856 0.073515
5 0.738635 0.712896 0.057923 0.073771
8 0.547752 0.692075 0.061417 0.124598
5 0.279149 0.699614 0.061182 0.076010
0 0.745095 0.779068 0.115389 0.138392
2 0.159329 0.781946 0.124296 0.112431