8 0.852689 0.108440 0.117911 0.185088
6 0.557023 0.105111 0.091368 0.210221
9 0.369252 0.105478 0.065598 0.209927
8 0.166000 0.108424 0.093709 0.182774
11 0.816688 0.242422 0.069695 0.103070
11 0.735026 0.264385 0.065266 0.102569
11 0.642003 0.255889 0.059359 0.102849
7 0.544876 0.196538 0.085908 0.219890
11 0.454646 0.236764 0.050412 0.103874
11 0.347465 0.240962 0.045516 0.102983
11 0.264822 0.251166 0.048863 0.101754
11 0.172748 0.238851 0.057600 0.102925
10 0.636030 0.317213 0.069295 0.140130
3 0.744243 0.401327 0.104234 0.160742
10 0.539086 0.413010 0.071571 0.129476
5 0.365243 0.533777 0.045534 0.077054
1 0.357929 0.604821 0.072445 0.136711
5 0.839992 0.736913 0.073752 0.063865
5 0.733228 0.718655 0.063371 0.064273
5 0.649102 0.723148 0.056409 0.063322
5 0.528789 0.712176 0.050807 0.063631
5 0.266839 0.719142 0.048646 0.062472
5 0.181274 0.718277 0.057018 0.062730
2 0.834502 0.794953 0.121198 0.097921
4 0.746940 0.796173 0.099647 0.089508
3 0.634626 0.799585 0.085257 0.093122
0 0.570547 0.800186 0.089312 0.111295
2 0.176723 0.795865 0.095255 0.093905