8 0.257793 0.201773 0.108364 0.116931
6 0.761272 0.343898 0.121343 0.178289
11 0.643068 0.286676 0.051496 0.078255
7 0.465552 0.313703 0.075950 0.161462
11 0.739354 0.402629 0.059848 0.090026
9 0.637018 0.411559 0.073944 0.164459
11 0.442964 0.382249 0.050832 0.087926
2 0.360987 0.408441 0.086115 0.147893
11 0.826137 0.480685 0.068451 0.096963
3 0.460052 0.518527 0.071862 0.186046
5 0.548560 0.573064 0.046826 0.106265
11 0.458609 0.578457 0.049945 0.107172
1 0.344627 0.621531 0.097960 0.235715
11 0.278013 0.571533 0.065047 0.106693
5 0.735655 0.663469 0.059964 0.116423
5 0.844764 0.755600 0.069069 0.124801
5 0.642796 0.755012 0.053253 0.125152
5 0.361665 0.780905 0.058595 0.127055
5 0.246261 0.764092 0.068385 0.127408
0 0.760079 0.900979 0.122466 0.196224