8 0.432053 0.118300 0.062106 0.178679
8 0.247453 0.121632 0.092663 0.180344
11 0.823493 0.248012 0.065261 0.101785
11 0.722245 0.236540 0.059035 0.102835
11 0.632312 0.255713 0.052526 0.100832
6 0.548930 0.194868 0.074817 0.232054
11 0.265378 0.255127 0.056524 0.100622
10 0.639372 0.323567 0.066922 0.133627
11 0.176176 0.347481 0.063598 0.091669
3 0.742733 0.408066 0.094380 0.156910
5 0.358950 0.445725 0.051059 0.084352
5 0.273883 0.442986 0.054989 0.084542
5 0.730044 0.521578 0.057648 0.077823
4 0.544967 0.508084 0.061463 0.120383
10 0.357587 0.511707 0.069823 0.122803
5 0.638016 0.637965 0.052347 0.067872
11 0.468526 0.618382 0.044724 0.069352
5 0.815387 0.709932 0.066113 0.062305
0 0.553335 0.685534 0.073127 0.127478
5 0.264044 0.724137 0.055768 0.060792
2 0.836348 0.807639 0.113457 0.090421
2 0.152314 0.797433 0.111131 0.091010