9 0.620422 0.109704 0.065082 0.197370
6 0.548453 0.111008 0.072613 0.222016
8 0.430889 0.135012 0.071495 0.170545
11 0.721696 0.239900 0.051013 0.096419
11 0.623406 0.247240 0.045360 0.095924
11 0.358321 0.242593 0.055351 0.096937
11 0.255814 0.234585 0.061615 0.097958
8 0.827513 0.312657 0.098130 0.147284
10 0.349151 0.315702 0.076887 0.143697
11 0.184758 0.330779 0.066169 0.090035
11 0.807291 0.433258 0.057547 0.080471
9 0.658988 0.409998 0.070138 0.146996
5 0.555008 0.451799 0.046017 0.079235
5 0.631351 0.526082 0.045991 0.073429
3 0.631203 0.604071 0.065336 0.113890
4 0.357165 0.598610 0.075560 0.097883
5 0.815269 0.716102 0.059453 0.058784
5 0.727177 0.726672 0.050787 0.057925
3 0.637293 0.718622 0.065709 0.095708
5 0.361388 0.719716 0.053158 0.058924
0 0.254642 0.708386 0.117835 0.119851
5 0.166154 0.732724 0.069676 0.058944
2 0.844740 0.808433 0.102685 0.085022
2 0.442482 0.819827 0.069450 0.083336