6 0.728343 0.189008 0.089381 0.102694
8 0.645582 0.182090 0.071251 0.086180
7 0.453428 0.198392 0.083379 0.098705
9 0.348527 0.196548 0.092687 0.090605
8 0.172025 0.203709 0.124006 0.097837
11 0.820992 0.277162 0.052242 0.060501
11 0.734719 0.269145 0.047336 0.059627
11 0.645069 0.272002 0.048387 0.059959
9 0.541769 0.304575 0.072848 0.101718
11 0.367662 0.286755 0.059203 0.063565
10 0.651277 0.388675 0.064483 0.104332
10 0.348439 0.398977 0.083631 0.101674
11 0.184388 0.383386 0.072196 0.071704
11 0.549193 0.462949 0.051647 0.075609
11 0.448349 0.468625 0.055915 0.076627
11 0.269584 0.466395 0.064545 0.077689
5 0.543640 0.566941 0.053348 0.083471
4 0.647166 0.683019 0.065235 0.133859
5 0.446168 0.669525 0.057613 0.091992
5 0.353486 0.652472 0.061287 0.091171
5 0.832288 0.739944 0.052996 0.096388
5 0.729725 0.758278 0.048483 0.097817
5 0.634735 0.750088 0.051162 0.097543
4 0.455040 0.777243 0.078387 0.148887
3 0.344108 0.782230 0.095248 0.182111
5 0.268430 0.764629 0.067024 0.101012
5 0.182316 0.740220 0.071806 0.099679
0 0.740117 0.896505 0.094368 0.205171
2 0.548204 0.858159 0.077341 0.171028
1 0.446009 0.881453 0.095624 0.222145
3 0.339571 0.863857 0.097918 0.197062
2 0.155185 0.873358 0.120072 0.177190