6 0.724902 0.199143 0.093142 0.120504
8 0.640384 0.197407 0.076117 0.100465
7 0.430769 0.198987 0.103988 0.119552
8 0.152529 0.206213 0.142914 0.117082
11 0.816209 0.287344 0.051694 0.069059
9 0.728208 0.292298 0.078699 0.113809
11 0.632814 0.285064 0.053860 0.069293
9 0.447855 0.283708 0.091324 0.117456
11 0.269057 0.281600 0.074069 0.073327
11 0.166531 0.274927 0.084880 0.075180
11 0.726995 0.371641 0.052214 0.075725
10 0.645903 0.405865 0.076328 0.121642
11 0.551030 0.366092 0.058465 0.076616
11 0.442707 0.386877 0.063593 0.079370
5 0.638049 0.555899 0.056611 0.092344
5 0.548514 0.563370 0.060421 0.093830
3 0.428609 0.583406 0.100173 0.168352
1 0.632292 0.692853 0.097953 0.207912
4 0.339962 0.672738 0.100558 0.149881
3 0.238404 0.701327 0.127854 0.194017
5 0.824520 0.735145 0.054162 0.106862
5 0.743797 0.741207 0.053342 0.107218
5 0.361845 0.770357 0.071580 0.112039
5 0.262742 0.742368 0.076491 0.110353
5 0.163184 0.752276 0.084350 0.112964
2 0.817834 0.888283 0.089151 0.193785
2 0.429777 0.887741 0.098605 0.193203
0 0.327475 0.892209 0.135003 0.213764