8 0.843559 0.110581 0.092560 0.185228
10 0.736780 0.139299 0.064900 0.163837
9 0.638171 0.102529 0.074740 0.205059
6 0.528865 0.117530 0.091936 0.235059
7 0.441343 0.109556 0.095980 0.219111
9 0.332062 0.122530 0.099487 0.212453
10 0.253015 0.139587 0.098249 0.166132
8 0.169721 0.134853 0.119971 0.184718
11 0.817961 0.256352 0.052953 0.102653
11 0.707771 0.245538 0.046774 0.103875
11 0.533292 0.233676 0.054407 0.104010
11 0.457597 0.233470 0.056843 0.104329
11 0.356434 0.252953 0.062946 0.103272
11 0.276298 0.240869 0.067490 0.104967
11 0.171231 0.252651 0.074086 0.104682
11 0.625348 0.424050 0.049171 0.087862
5 0.450714 0.545048 0.056575 0.080004
5 0.832437 0.731570 0.054933 0.063099
5 0.728883 0.736111 0.046108 0.062444
5 0.632996 0.729207 0.048528 0.063330
5 0.533384 0.727082 0.051587 0.063869
5 0.368173 0.724805 0.058578 0.064907
5 0.266080 0.709718 0.065793 0.066925
5 0.175842 0.708862 0.075509 0.068223
2 0.851604 0.796228 0.094607 0.095220
4 0.740768 0.805279 0.073841 0.083629
3 0.624254 0.802505 0.066629 0.091471
0 0.545500 0.809580 0.077612 0.109472
1 0.456406 0.798829 0.083073 0.107451
3 0.352796 0.797945 0.093108 0.097419
4 0.259425 0.808344 0.091036 0.085682
2 0.151702 0.798784 0.128805 0.102897