6 0.767131 0.109391 0.129709 0.218781
8 0.663190 0.115846 0.086483 0.197885
8 0.550530 0.111283 0.070792 0.198179
11 0.842184 0.248791 0.070962 0.111570
11 0.647231 0.229772 0.056926 0.113275
9 0.353776 0.182880 0.072643 0.218628
11 0.737186 0.330183 0.063607 0.104002
7 0.733791 0.392391 0.111836 0.204059
11 0.177720 0.438801 0.063954 0.094490
5 0.184589 0.515327 0.063162 0.086233
5 0.832645 0.631234 0.071652 0.077067
2 0.649043 0.602277 0.085550 0.129028
5 0.548636 0.630401 0.050047 0.077711
5 0.361153 0.620956 0.049396 0.076984
4 0.260819 0.579551 0.074979 0.134238
5 0.731962 0.712714 0.061939 0.069988
1 0.560476 0.681830 0.077092 0.140103
0 0.741062 0.780826 0.123041 0.128023
2 0.366844 0.808340 0.071631 0.100484