6 0.768326 0.226617 0.124432 0.136046
9 0.634563 0.206766 0.075643 0.109755
10 0.358239 0.218989 0.071047 0.091694
8 0.140342 0.201121 0.124035 0.105778
11 0.816493 0.273710 0.068202 0.070203
11 0.717017 0.271913 0.057472 0.069997
11 0.645428 0.286352 0.053199 0.071531
4 0.439762 0.307301 0.053243 0.108560
11 0.260514 0.300592 0.059793 0.073114
8 0.542576 0.401672 0.062409 0.134385
11 0.344651 0.383271 0.054954 0.080819
5 0.170306 0.466871 0.069364 0.088902
11 0.548412 0.576415 0.047602 0.098328
5 0.435136 0.577551 0.049710 0.098483
10 0.348664 0.596449 0.075867 0.144361
5 0.740369 0.652215 0.060221 0.105601
5 0.549330 0.673541 0.047625 0.108277
4 0.331438 0.700058 0.074900 0.175714
5 0.190506 0.671172 0.066330 0.108052
5 0.820214 0.764965 0.067178 0.115375
5 0.632147 0.761382 0.053692 0.114945
0 0.747121 0.892291 0.118532 0.213600
2 0.648135 0.899137 0.078261 0.199908
2 0.458978 0.897343 0.064035 0.203495
3 0.351523 0.898187 0.082275 0.201809