6 0.741615 0.106741 0.095569 0.213481
8 0.654878 0.104623 0.070691 0.209246
7 0.432646 0.113231 0.107537 0.226463
9 0.342046 0.114674 0.111559 0.229348
8 0.169462 0.100035 0.132136 0.200069
11 0.828335 0.239531 0.058007 0.127396
9 0.729769 0.174204 0.075790 0.253528
11 0.551013 0.239691 0.053900 0.129545
11 0.351571 0.235495 0.069124 0.129648
11 0.265593 0.220195 0.076496 0.132722
11 0.148365 0.229310 0.086961 0.132706
11 0.734908 0.342597 0.050146 0.118074
10 0.650915 0.306776 0.059598 0.178343
11 0.453795 0.314479 0.060523 0.122110
10 0.351009 0.294141 0.091878 0.182814
11 0.650557 0.426473 0.047930 0.109208
3 0.621378 0.496510 0.069938 0.187493
5 0.430916 0.509337 0.061281 0.103438
5 0.374681 0.500997 0.065429 0.103335
4 0.657601 0.586293 0.058861 0.137392
5 0.540700 0.598811 0.053853 0.094018
4 0.339564 0.574595 0.092307 0.157812
5 0.834084 0.717825 0.059989 0.081496
5 0.738907 0.710003 0.049851 0.082679
5 0.634323 0.703201 0.048044 0.082913
3 0.538828 0.695758 0.077011 0.148118
5 0.276361 0.714070 0.071872 0.083296
5 0.169116 0.687906 0.085616 0.088139
2 0.833906 0.792410 0.099062 0.122338
0 0.537054 0.774725 0.083670 0.156971
1 0.456014 0.777863 0.092565 0.147217
2 0.141595 0.786713 0.146832 0.129661