8 0.861497 0.210176 0.123026 0.100855
9 0.641823 0.180750 0.082275 0.094220
6 0.540481 0.227894 0.076381 0.121493
9 0.354752 0.189590 0.069941 0.094583
8 0.145843 0.208549 0.110811 0.098813
11 0.807015 0.279735 0.068661 0.066444
11 0.732339 0.290311 0.060190 0.067023
11 0.630627 0.282360 0.054219 0.066110
11 0.462372 0.284668 0.045720 0.065996
7 0.363420 0.291343 0.075238 0.127018
11 0.266213 0.284543 0.053290 0.065766
10 0.647605 0.407506 0.074852 0.110788
11 0.550680 0.386004 0.049468 0.075217
10 0.340561 0.380242 0.071875 0.112114
11 0.161447 0.375368 0.064744 0.073964
5 0.539042 0.570247 0.050527 0.091605
4 0.450774 0.582560 0.060729 0.138539
5 0.365016 0.565796 0.047895 0.090828
5 0.723280 0.671361 0.061779 0.100651
5 0.825507 0.753412 0.068329 0.107618
3 0.740122 0.804652 0.100613 0.206862
5 0.634320 0.770545 0.055374 0.108984
5 0.273151 0.765345 0.055150 0.107831
5 0.160127 0.741280 0.063271 0.105126
0 0.740102 0.887807 0.121454 0.222569
2 0.635648 0.872528 0.081880 0.187300
1 0.463459 0.884066 0.069525 0.230049
3 0.353092 0.899339 0.070744 0.199503
4 0.256141 0.873869 0.079409 0.179361
2 0.162721 0.880866 0.104184 0.190393