8 0.859837 0.202901 0.130091 0.112132
8 0.449841 0.208395 0.060938 0.111436
6 0.342157 0.226397 0.091247 0.142425
11 0.732377 0.278871 0.063396 0.074772
11 0.641714 0.278665 0.057053 0.074502
7 0.461217 0.329478 0.068938 0.155627
11 0.357116 0.303942 0.049675 0.076692
11 0.281248 0.301810 0.054854 0.076319
11 0.160525 0.283947 0.068133 0.074318
11 0.837867 0.402924 0.075239 0.086698
9 0.632554 0.410180 0.084060 0.155572
9 0.549884 0.405836 0.073632 0.154245
11 0.458086 0.396858 0.046189 0.084845
10 0.365312 0.411437 0.062740 0.137941
5 0.730600 0.587042 0.064291 0.103605
5 0.813244 0.661920 0.070995 0.111407
4 0.637605 0.715877 0.077160 0.169689
3 0.561821 0.718141 0.077384 0.216595
5 0.365085 0.664886 0.049527 0.110585
5 0.265849 0.673026 0.057479 0.111445
3 0.754097 0.815355 0.109314 0.237367
5 0.645573 0.765243 0.058474 0.119961
1 0.461831 0.829023 0.072684 0.269244
5 0.379833 0.771001 0.048521 0.120031
5 0.173018 0.776859 0.065070 0.120383
2 0.846896 0.893842 0.120104 0.210497
2 0.451398 0.898945 0.062588 0.200292
0 0.352410 0.893277 0.088308 0.211627