6 0.666097 0.110269 0.115086 0.220538
8 0.153249 0.116755 0.089147 0.174575
11 0.816611 0.242817 0.072336 0.100958
11 0.736795 0.227242 0.067567 0.101565
11 0.636607 0.234584 0.062653 0.100262
7 0.559443 0.205877 0.095714 0.206415
11 0.287445 0.243323 0.049336 0.097603
11 0.377747 0.339083 0.051106 0.090206
1 0.273468 0.307010 0.086400 0.184648
11 0.190301 0.340927 0.051540 0.089831
11 0.558434 0.435650 0.057715 0.083780
5 0.542490 0.524598 0.055827 0.077008
5 0.181410 0.535668 0.051718 0.073908
5 0.368813 0.625834 0.049637 0.067810
5 0.816536 0.735558 0.073558 0.064184
5 0.725222 0.719735 0.064905 0.063937
5 0.643262 0.710856 0.059501 0.062580
5 0.280086 0.717261 0.047255 0.060415
0 0.763235 0.801455 0.134702 0.113312
2 0.450996 0.794651 0.069341 0.089083