6 0.769554 0.232818 0.160597 0.160166
8 0.552091 0.209793 0.090688 0.117095
9 0.361503 0.205119 0.071576 0.117341
8 0.166084 0.208034 0.088082 0.116884
11 0.715916 0.286443 0.074113 0.081444
11 0.632241 0.281010 0.067337 0.079770
9 0.379080 0.296331 0.074414 0.135107
11 0.168226 0.279935 0.052805 0.077356
11 0.833595 0.374800 0.085700 0.090159
7 0.460561 0.396353 0.090639 0.173822
4 0.348627 0.404200 0.074948 0.131743
10 0.442990 0.489774 0.066738 0.138440
11 0.281531 0.474123 0.048885 0.095137
3 0.563943 0.612672 0.099416 0.198915
5 0.833825 0.678680 0.085433 0.118285
5 0.725825 0.663941 0.076985 0.115139
5 0.356879 0.670434 0.053329 0.113990
5 0.648858 0.781757 0.071258 0.126603
1 0.361071 0.813222 0.089343 0.265321
5 0.262682 0.754781 0.047834 0.121470
0 0.783650 0.894609 0.164041 0.208964
2 0.466405 0.890940 0.085951 0.212471
3 0.360693 0.887688 0.081821 0.222805
2 0.161133 0.882101 0.087131 0.213579