6 0.777000 0.107217 0.149482 0.214434
8 0.535118 0.113196 0.078957 0.212344
11 0.651555 0.253466 0.064476 0.120492
7 0.471933 0.174371 0.084919 0.271495
11 0.374377 0.223848 0.046184 0.122565
11 0.262654 0.235186 0.052544 0.122894
11 0.170025 0.244391 0.059544 0.121144
11 0.816893 0.330247 0.077772 0.114110
11 0.744685 0.328580 0.071901 0.115845
11 0.437712 0.324320 0.050762 0.114334
10 0.836623 0.400193 0.120272 0.172597
8 0.545560 0.403409 0.079577 0.171824
3 0.850962 0.471317 0.138528 0.186585
5 0.552655 0.520433 0.056365 0.095879
5 0.638129 0.611131 0.062135 0.087238
5 0.350207 0.613019 0.046535 0.086807
5 0.817995 0.710058 0.079663 0.080373
5 0.737628 0.699432 0.069556 0.080587
5 0.288348 0.713231 0.049335 0.076419
5 0.163265 0.706353 0.061509 0.078226
0 0.767631 0.785916 0.147278 0.149434
2 0.540853 0.797565 0.078365 0.114258
1 0.461417 0.790394 0.076987 0.133984
2 0.148340 0.783719 0.105527 0.116980