8 0.845541 0.105698 0.128862 0.187566
9 0.651457 0.122305 0.110765 0.207720
6 0.567874 0.110873 0.116836 0.221746
7 0.469371 0.100341 0.103444 0.200681
9 0.388706 0.117976 0.091614 0.204394
10 0.279713 0.131394 0.077800 0.181037
8 0.173128 0.119529 0.090732 0.181693
11 0.834394 0.258802 0.079749 0.105655
11 0.732856 0.264682 0.074126 0.104007
11 0.639408 0.247359 0.068338 0.104238
11 0.548158 0.248720 0.064991 0.103438
11 0.276695 0.246891 0.054166 0.101248
11 0.193832 0.248511 0.054160 0.101122
10 0.650838 0.307794 0.090491 0.158707
11 0.365428 0.329916 0.056335 0.094859
5 0.462411 0.530597 0.057720 0.079683
11 0.349462 0.549872 0.054476 0.077603
4 0.644066 0.620547 0.089253 0.103550
4 0.370686 0.615334 0.067762 0.104327
5 0.828054 0.710148 0.081070 0.072210
5 0.723939 0.710189 0.071628 0.070177
5 0.644890 0.726831 0.065175 0.067696
5 0.567036 0.699968 0.061592 0.068713
5 0.276163 0.727784 0.051512 0.063670
5 0.183709 0.717775 0.052357 0.064525
2 0.854004 0.795653 0.138972 0.110358
3 0.651279 0.804179 0.103139 0.099742
0 0.568538 0.794776 0.108827 0.117882
1 0.450257 0.806443 0.084552 0.104281
3 0.367450 0.797447 0.074156 0.093114
2 0.170975 0.784678 0.085047 0.096979