1 0.351726 0.109034 0.105843 0.218069
6 0.533907 0.175622 0.081919 0.273225
9 0.837420 0.290929 0.102910 0.204441
11 0.730390 0.321021 0.051873 0.109233
7 0.631481 0.301148 0.072255 0.229921
11 0.174720 0.337594 0.074205 0.108159
11 0.559718 0.431577 0.048888 0.098883
11 0.370575 0.417149 0.060680 0.099739
9 0.234544 0.394239 0.115555 0.188888
5 0.548687 0.510669 0.048524 0.091584
5 0.543620 0.605697 0.049496 0.082804
3 0.234054 0.612296 0.114890 0.148299
5 0.719278 0.709951 0.050982 0.072656
5 0.267463 0.716686 0.066468 0.074046
5 0.184907 0.731277 0.075873 0.073370
0 0.747501 0.785789 0.101842 0.131973
4 0.639459 0.788760 0.056540 0.106347