8 0.818508 0.217652 0.101414 0.116811
9 0.635161 0.206973 0.065737 0.117695
6 0.533493 0.228345 0.076937 0.144410
1 0.450194 0.216112 0.084901 0.135734
9 0.349018 0.216426 0.095018 0.122190
8 0.160545 0.201658 0.133638 0.117299
11 0.841704 0.297733 0.064353 0.077320
11 0.726934 0.291515 0.051703 0.076632
11 0.642849 0.307070 0.046214 0.078660
11 0.352450 0.274296 0.061266 0.076445
11 0.255662 0.298577 0.069460 0.079830
11 0.167066 0.305075 0.079378 0.080109
11 0.360549 0.388480 0.060758 0.086631
10 0.644067 0.525674 0.055033 0.161731
5 0.543176 0.481171 0.050119 0.095168
4 0.633774 0.696920 0.055339 0.187852
5 0.816902 0.781503 0.059744 0.124363
5 0.749172 0.757076 0.054640 0.121451
5 0.643055 0.771116 0.047438 0.123853
5 0.337811 0.752880 0.063806 0.120711
5 0.254763 0.762449 0.071427 0.122599
5 0.173119 0.757774 0.076963 0.122445
0 0.736890 0.885374 0.101397 0.227434
2 0.648488 0.895357 0.070187 0.207468
3 0.352440 0.898264 0.098065 0.201655
4 0.252656 0.886349 0.091328 0.199401
2 0.157253 0.888641 0.125851 0.216053