8 0.843064 0.208267 0.106379 0.099901
9 0.646576 0.202926 0.067513 0.098399
6 0.535978 0.220161 0.070786 0.121069
7 0.454856 0.213403 0.076818 0.114852
9 0.358108 0.206508 0.084021 0.100162
10 0.235162 0.197622 0.103641 0.087315
8 0.176438 0.201222 0.118970 0.101475
11 0.805594 0.290196 0.059347 0.066970
11 0.630673 0.295421 0.046778 0.067551
11 0.538635 0.279027 0.046697 0.066266
11 0.458744 0.269428 0.049966 0.065624
11 0.352875 0.276351 0.056094 0.066566
11 0.280310 0.287995 0.060982 0.067851
11 0.174717 0.275463 0.071988 0.067406
11 0.730286 0.385387 0.052845 0.075452
10 0.830094 0.497852 0.090593 0.137498
5 0.538476 0.459455 0.047409 0.081307
5 0.465194 0.556432 0.051366 0.091005
5 0.821391 0.765157 0.059750 0.108143
5 0.734100 0.747344 0.053247 0.106389
5 0.640126 0.766702 0.047379 0.108703
3 0.529434 0.793818 0.069399 0.204408
5 0.348527 0.759579 0.059115 0.108830
5 0.247358 0.753385 0.064580 0.108467
5 0.171522 0.763840 0.070676 0.109941
2 0.847266 0.896270 0.102407 0.191481
4 0.740251 0.871468 0.075911 0.174953
0 0.525390 0.888594 0.077085 0.220994
1 0.459524 0.895415 0.083196 0.207351
3 0.355163 0.897935 0.087438 0.202312
4 0.261710 0.874191 0.093280 0.175321
2 0.158389 0.887992 0.116786 0.193239