8 0.826409 0.115958 0.088582 0.188723
9 0.628926 0.121429 0.089703 0.211141
8 0.436057 0.118588 0.094757 0.187071
6 0.344822 0.107677 0.128282 0.215353
11 0.715052 0.251936 0.054276 0.106044
11 0.634911 0.242500 0.057434 0.107583
9 0.442953 0.204787 0.100746 0.200738
11 0.260145 0.254401 0.075891 0.108355
11 0.169030 0.253506 0.081103 0.109463
11 0.823816 0.343331 0.052896 0.097484
10 0.640108 0.307234 0.071143 0.161289
11 0.429512 0.415700 0.064484 0.093503
7 0.136645 0.399026 0.160164 0.198871
5 0.466401 0.540959 0.060997 0.082424
3 0.528362 0.605284 0.084424 0.129745
4 0.354657 0.614552 0.094493 0.116691
3 0.265728 0.604369 0.118840 0.138342
5 0.826512 0.723503 0.051884 0.066843
5 0.714877 0.730651 0.051221 0.066138
5 0.633430 0.711421 0.053286 0.067927
5 0.246560 0.713528 0.075096 0.073372
5 0.167818 0.726045 0.083037 0.074126
0 0.728755 0.793580 0.092679 0.118212
2 0.533039 0.800283 0.078589 0.099044
1 0.435284 0.787830 0.100796 0.117323
2 0.143464 0.796105 0.141889 0.113943