6 0.761072 0.188493 0.152523 0.136354
8 0.669199 0.208461 0.111415 0.112250
9 0.372678 0.202541 0.073724 0.104316
8 0.170264 0.204702 0.084778 0.106246
11 0.728774 0.302707 0.072845 0.076587
11 0.635674 0.277282 0.065440 0.073046
7 0.575486 0.315432 0.101445 0.143101
10 0.449919 0.291048 0.076334 0.106542
11 0.271163 0.286494 0.048938 0.070728
11 0.822960 0.393081 0.082049 0.084995
10 0.661756 0.373034 0.100510 0.115385
11 0.567794 0.388295 0.062802 0.082334
11 0.177441 0.379717 0.050308 0.079001
11 0.380852 0.467990 0.053763 0.086628
5 0.635013 0.562734 0.067515 0.096756
5 0.445150 0.573232 0.058076 0.096029
4 0.647447 0.686788 0.091259 0.155283
4 0.363368 0.687816 0.068899 0.171881
5 0.820451 0.754252 0.082469 0.115252
3 0.753247 0.814517 0.125479 0.220181
5 0.649090 0.760463 0.070356 0.113676
5 0.535412 0.763887 0.063840 0.114864
1 0.376637 0.807428 0.093668 0.240491
5 0.290950 0.760317 0.051658 0.112133
5 0.185090 0.744140 0.049807 0.109904
0 0.757923 0.888848 0.152538 0.220485
2 0.474582 0.878401 0.087098 0.196227
2 0.178518 0.889843 0.085754 0.199650