6 0.761576 0.208443 0.150912 0.162995
8 0.247498 0.211226 0.090180 0.124780
11 0.735727 0.292405 0.071055 0.084384
11 0.644960 0.296402 0.063825 0.084275
7 0.266175 0.311288 0.093626 0.169120
11 0.840453 0.382268 0.082911 0.094251
10 0.653690 0.406520 0.091910 0.153996
9 0.561258 0.406293 0.084942 0.171833
11 0.446014 0.394762 0.049391 0.094539
4 0.474596 0.500904 0.062008 0.149593
9 0.156045 0.510164 0.108730 0.193597
3 0.667588 0.609013 0.102762 0.214305
5 0.534674 0.559430 0.056451 0.111125
1 0.371293 0.617524 0.073149 0.244313
5 0.832841 0.671345 0.081532 0.123074
5 0.718111 0.775832 0.071624 0.132728
5 0.646478 0.782247 0.066243 0.133214
3 0.353111 0.813587 0.068803 0.255379
5 0.279332 0.765305 0.052805 0.130820
0 0.761923 0.884306 0.148148 0.229570
2 0.463883 0.890121 0.070433 0.217940