8 0.852508 0.203471 0.136204 0.109661
6 0.558630 0.198500 0.101662 0.120785
7 0.460869 0.206116 0.082154 0.112398
9 0.377232 0.192959 0.070283 0.096457
8 0.186767 0.204201 0.084345 0.100695
11 0.846297 0.276621 0.081487 0.071847
11 0.720986 0.282509 0.068789 0.070206
11 0.635119 0.269394 0.061937 0.068082
11 0.370017 0.291685 0.050562 0.067905
10 0.351452 0.390806 0.071435 0.116087
11 0.178145 0.375643 0.050708 0.074231
11 0.541717 0.479433 0.059023 0.084600
11 0.457424 0.472229 0.054569 0.083240
9 0.376313 0.493560 0.074461 0.146260
11 0.290372 0.485735 0.049198 0.083492
10 0.560423 0.584697 0.082431 0.138934
4 0.664126 0.680605 0.083510 0.145184
5 0.463358 0.644778 0.055903 0.097244
5 0.371884 0.658573 0.052838 0.098007
3 0.265153 0.686150 0.077636 0.179653
5 0.834651 0.759478 0.078253 0.109865
5 0.742560 0.751262 0.072713 0.108186
5 0.638614 0.758284 0.065660 0.107704
1 0.578466 0.808177 0.105681 0.230616
5 0.254661 0.735348 0.048633 0.104570
5 0.187090 0.760470 0.050161 0.106973
0 0.749036 0.890697 0.141311 0.216787
2 0.638008 0.883641 0.095592 0.189488
3 0.377152 0.872397 0.081579 0.213798
4 0.271837 0.888321 0.075887 0.171368
2 0.148159 0.878380 0.088014 0.188216