6 0.753031 0.196085 0.137438 0.117699
8 0.572573 0.191630 0.087331 0.092177
7 0.452773 0.189611 0.079570 0.097622
8 0.169035 0.199240 0.085103 0.091550
11 0.825858 0.285949 0.077320 0.067928
11 0.740906 0.268680 0.068599 0.065301
11 0.637308 0.276770 0.061401 0.064544
9 0.549288 0.299057 0.081775 0.103855
10 0.459121 0.293509 0.070259 0.094451
9 0.264817 0.292503 0.076362 0.101232
11 0.165734 0.279229 0.051379 0.061889
10 0.653205 0.384787 0.086870 0.111218
11 0.360844 0.377635 0.051467 0.069325
11 0.287221 0.363112 0.049384 0.068002
4 0.557275 0.495125 0.082081 0.118145
11 0.454611 0.464080 0.054246 0.077022
3 0.650302 0.581515 0.097406 0.151819
5 0.469575 0.558945 0.056241 0.084264
5 0.732284 0.652146 0.069466 0.093632
4 0.373157 0.670986 0.064655 0.133037
5 0.270662 0.636882 0.050940 0.089256
5 0.837102 0.750306 0.076244 0.102607
3 0.740680 0.790698 0.111979 0.189274
5 0.635414 0.749944 0.065052 0.100666
5 0.547750 0.762378 0.061244 0.101031
1 0.347092 0.796601 0.091406 0.205588
5 0.174862 0.745206 0.051993 0.098052
0 0.761910 0.886369 0.138454 0.225445
2 0.457948 0.859186 0.082323 0.170838
2 0.157838 0.872931 0.088419 0.175659