6 0.871076 0.232245 0.186622 0.171934
8 0.654242 0.218449 0.106642 0.128648
7 0.466048 0.219151 0.082914 0.149697
9 0.358117 0.213849 0.065293 0.132839
8 0.165782 0.229952 0.101604 0.128667
11 0.834614 0.297634 0.086975 0.088440
9 0.745090 0.316317 0.126274 0.159559
11 0.625969 0.311201 0.065510 0.087686
11 0.378738 0.296601 0.048366 0.085053
11 0.279677 0.294027 0.048609 0.083992
11 0.722739 0.395264 0.074076 0.096887
10 0.662204 0.404320 0.097398 0.137668
11 0.447557 0.384723 0.052138 0.094378
10 0.354008 0.413079 0.057762 0.136112
11 0.161821 0.383815 0.061738 0.094134
11 0.547248 0.482917 0.059294 0.103778
5 0.555029 0.567543 0.060152 0.111976
3 0.156241 0.615720 0.102361 0.216743
4 0.664736 0.702183 0.093089 0.188402
5 0.469476 0.655032 0.055141 0.121838
5 0.356422 0.672911 0.046880 0.123446
5 0.839473 0.763665 0.086661 0.134517
5 0.743787 0.769614 0.077530 0.134330
5 0.644630 0.757702 0.068986 0.131572
5 0.278628 0.774125 0.049497 0.133241
5 0.195114 0.764203 0.056565 0.131078
0 0.775060 0.888290 0.160681 0.221602
4 0.655869 0.901543 0.093277 0.195096
2 0.560235 0.890482 0.088632 0.217219
1 0.485854 0.886883 0.093836 0.224416
3 0.374809 0.895508 0.070285 0.207166
2 0.174593 0.890608 0.095699 0.216966