8 0.870695 0.103839 0.145309 0.207678
6 0.577355 0.110546 0.128655 0.221092
7 0.453876 0.107085 0.108477 0.214171
9 0.361097 0.111394 0.091886 0.222788
10 0.260795 0.121150 0.085835 0.199019
8 0.185763 0.121588 0.084170 0.210618
11 0.830625 0.227395 0.089233 0.125879
11 0.754515 0.222474 0.082339 0.125030
11 0.654290 0.249687 0.076153 0.122722
10 0.556281 0.199944 0.095395 0.186424
11 0.257492 0.241308 0.053313 0.120988
11 0.188305 0.240473 0.051446 0.120677
11 0.545359 0.321284 0.067664 0.114599
5 0.549734 0.443418 0.066895 0.104158
11 0.450049 0.435211 0.061762 0.104020
1 0.752203 0.490553 0.151414 0.205419
11 0.462449 0.514920 0.061190 0.096693
5 0.359942 0.619034 0.055669 0.085939
5 0.173762 0.627370 0.049631 0.085087
5 0.839198 0.720210 0.090874 0.083204
5 0.738170 0.705415 0.079295 0.082196
5 0.640343 0.710036 0.070952 0.081178
5 0.376515 0.725047 0.055151 0.077570
2 0.851062 0.798774 0.152546 0.127907
4 0.737511 0.803861 0.116353 0.107381
3 0.671696 0.771824 0.119956 0.130438
0 0.548913 0.772088 0.115235 0.148511
3 0.371684 0.791333 0.077941 0.117328
2 0.179781 0.792504 0.082372 0.117239