8 0.859990 0.219184 0.130591 0.120562
10 0.749620 0.206627 0.093683 0.118826
6 0.548300 0.224173 0.075144 0.151285
7 0.433679 0.237547 0.073015 0.147473
9 0.363653 0.236477 0.077972 0.131694
8 0.164927 0.220198 0.121699 0.119940
11 0.813233 0.285405 0.073059 0.079817
11 0.738038 0.297759 0.063329 0.081337
11 0.653658 0.285099 0.056062 0.079619
9 0.567473 0.308497 0.070680 0.147141
11 0.281106 0.300592 0.060437 0.081368
11 0.465674 0.383240 0.045828 0.089642
10 0.355541 0.422890 0.075443 0.147818
11 0.172766 0.372939 0.071824 0.088072
11 0.534184 0.473630 0.047968 0.098868
5 0.541160 0.567844 0.048898 0.108517
5 0.734236 0.691798 0.064155 0.120294
4 0.343590 0.704391 0.070757 0.180039
4 0.147816 0.704759 0.114582 0.191557
5 0.841158 0.772753 0.073639 0.130036
5 0.635507 0.768533 0.056261 0.129215
5 0.362205 0.774775 0.054833 0.129925
5 0.258220 0.757556 0.063509 0.127250
5 0.176980 0.765427 0.071363 0.128368
2 0.842751 0.896919 0.120238 0.204344
3 0.644818 0.885708 0.086187 0.226765
0 0.566454 0.888415 0.083369 0.221351
1 0.438302 0.889934 0.075955 0.218313
3 0.350524 0.892685 0.084159 0.212812
2 0.152640 0.889213 0.117859 0.219756