6 0.733523 0.108036 0.096300 0.216071
8 0.450094 0.112789 0.090191 0.199686
8 0.344280 0.114494 0.102606 0.201528
10 0.246726 0.118977 0.106075 0.189453
11 0.721626 0.242449 0.049646 0.113393
11 0.628136 0.238420 0.054070 0.114633
9 0.525072 0.204391 0.089446 0.215559
9 0.236731 0.178192 0.125995 0.225112
7 0.142977 0.160736 0.162129 0.262066
11 0.826998 0.329920 0.051162 0.105482
10 0.637486 0.292674 0.068483 0.156580
11 0.532916 0.327981 0.058892 0.107621
11 0.446476 0.340031 0.063836 0.107176
11 0.272270 0.343778 0.074682 0.108616
11 0.162248 0.337965 0.081328 0.108471
3 0.830512 0.495664 0.083813 0.162100
5 0.360196 0.511804 0.067069 0.091631
4 0.629718 0.608125 0.070021 0.120763
5 0.523150 0.627822 0.056321 0.081308
4 0.355603 0.587865 0.090277 0.138138
5 0.177434 0.614460 0.081321 0.085541
5 0.819669 0.734669 0.050849 0.071291
5 0.714936 0.725178 0.049223 0.072230
5 0.639218 0.733344 0.050795 0.071757
3 0.537483 0.693761 0.080662 0.126270
5 0.252391 0.716467 0.074690 0.076246
0 0.753945 0.803678 0.091079 0.127988
2 0.459286 0.786843 0.087794 0.110255
2 0.349484 0.801367 0.106829 0.111565
1 0.251414 0.796784 0.140912 0.133637