8 0.839824 0.116328 0.104649 0.181931
9 0.635540 0.113300 0.070595 0.209737
6 0.553953 0.102750 0.071598 0.205500
9 0.351537 0.102968 0.080642 0.205936
8 0.147263 0.116291 0.111550 0.180972
11 0.821607 0.262096 0.062491 0.100344
11 0.727514 0.258466 0.055148 0.100743
11 0.641717 0.236418 0.050062 0.103013
10 0.440367 0.215176 0.060351 0.151356
11 0.269811 0.235339 0.058937 0.103561
11 0.168282 0.250121 0.066549 0.102267
11 0.534506 0.356207 0.044900 0.091473
11 0.351922 0.340578 0.054715 0.093199
5 0.564307 0.542497 0.045508 0.076235
3 0.266524 0.601083 0.094508 0.124628
5 0.821843 0.720630 0.063918 0.061548
5 0.729105 0.702620 0.054387 0.062893
5 0.630030 0.713450 0.047992 0.062075
5 0.364322 0.717519 0.052658 0.062028
5 0.265496 0.706635 0.058122 0.063009
5 0.174639 0.719744 0.067972 0.062219
2 0.830891 0.807816 0.107060 0.090519
4 0.735663 0.797508 0.077731 0.089200
0 0.457222 0.793925 0.072806 0.109379
3 0.351236 0.818951 0.079086 0.088276
2 0.175458 0.797024 0.112609 0.092769