6 0.759804 0.102156 0.113133 0.204312
8 0.543176 0.117862 0.060689 0.177467
11 0.634339 0.246436 0.050450 0.099782
11 0.169393 0.232997 0.064436 0.099283
11 0.730347 0.352635 0.056326 0.089848
5 0.458310 0.319461 0.047285 0.092969
8 0.539497 0.408802 0.060747 0.138884
11 0.367005 0.419089 0.051606 0.084018
1 0.739210 0.492519 0.100156 0.154809
11 0.547543 0.538387 0.046013 0.075256
5 0.357108 0.531706 0.051585 0.075885
4 0.743887 0.605946 0.089162 0.097045
7 0.349011 0.599647 0.084764 0.133341
5 0.824232 0.709339 0.064154 0.060385
3 0.727846 0.693689 0.088050 0.103244
5 0.162251 0.719045 0.066724 0.059874
0 0.751011 0.796353 0.111411 0.104792
2 0.641989 0.793224 0.076366 0.088903