6 0.753156 0.112441 0.116315 0.224881
11 0.736360 0.238198 0.058222 0.110538
11 0.635196 0.219563 0.051378 0.112796
11 0.835632 0.325816 0.066952 0.102498
8 0.552204 0.287421 0.061693 0.171752
11 0.251641 0.349506 0.061004 0.100226
1 0.160544 0.297153 0.132201 0.222215
11 0.549662 0.435675 0.046419 0.092306
7 0.552094 0.468030 0.069671 0.183660
11 0.169670 0.525427 0.068622 0.084712
5 0.808920 0.633349 0.065720 0.076059
5 0.378702 0.612012 0.052143 0.077046
10 0.260260 0.613302 0.086210 0.109763
0 0.850220 0.703690 0.138317 0.140397
5 0.723011 0.732884 0.056206 0.066284
5 0.634322 0.703610 0.050933 0.069131
5 0.262899 0.714821 0.059871 0.068319
4 0.647669 0.789881 0.064633 0.100603
2 0.451863 0.791909 0.064507 0.101646