6 0.751413 0.107090 0.147952 0.214180
8 0.560650 0.109000 0.087610 0.206647
8 0.162559 0.119601 0.091021 0.207007
11 0.818442 0.226037 0.079367 0.120720
9 0.759521 0.209746 0.124307 0.228447
11 0.642180 0.234737 0.067676 0.120286
11 0.552706 0.223939 0.062044 0.120801
9 0.475544 0.201910 0.084832 0.224695
11 0.265738 0.233073 0.047590 0.119595
11 0.730533 0.320970 0.073730 0.112990
10 0.662740 0.307453 0.098035 0.172918
11 0.466656 0.318339 0.056520 0.110889
3 0.759715 0.390939 0.124001 0.194955
7 0.153684 0.390161 0.104794 0.212501
5 0.555773 0.523576 0.059802 0.093396
5 0.373109 0.513119 0.050231 0.093188
11 0.181484 0.515366 0.054395 0.092156
5 0.824535 0.619026 0.080737 0.086172
3 0.456897 0.579000 0.079016 0.154137
4 0.370420 0.586351 0.060765 0.122824
5 0.736216 0.725434 0.071993 0.076780
5 0.644028 0.711883 0.064979 0.077154
1 0.464787 0.696260 0.084435 0.146916
5 0.278031 0.718907 0.046827 0.074982
5 0.170593 0.719815 0.055234 0.074783
0 0.752551 0.796878 0.147522 0.142156
2 0.535924 0.778822 0.083205 0.113647
2 0.261951 0.782447 0.076701 0.113857