8 0.841668 0.218676 0.122952 0.109376
6 0.557997 0.208832 0.080486 0.129296
9 0.346823 0.204738 0.073652 0.107000
8 0.149032 0.200795 0.113923 0.104500
11 0.813697 0.282866 0.070751 0.071486
11 0.722589 0.297470 0.061065 0.072629
11 0.653090 0.285988 0.055797 0.071272
11 0.267247 0.292020 0.056081 0.071242
10 0.636089 0.402816 0.075730 0.126493
11 0.531014 0.378914 0.049151 0.079368
10 0.360580 0.400785 0.063976 0.128117
11 0.179694 0.368818 0.064682 0.077842
11 0.470338 0.472245 0.046253 0.087913
7 0.155098 0.509932 0.125488 0.185965
5 0.538228 0.580558 0.049495 0.098660
9 0.258755 0.626511 0.090800 0.186771
5 0.649340 0.664763 0.057327 0.106997
3 0.554760 0.725826 0.074768 0.207597
4 0.357916 0.715077 0.061724 0.180769
4 0.248480 0.680284 0.085670 0.153710
5 0.171990 0.673184 0.065308 0.107106
5 0.816414 0.774045 0.069455 0.116432
5 0.727014 0.761064 0.063357 0.114624
1 0.443167 0.832529 0.072005 0.256165
5 0.359127 0.764704 0.050995 0.114247
5 0.277864 0.767520 0.055952 0.114410
2 0.849190 0.895532 0.117544 0.203109
3 0.627213 0.895618 0.084339 0.206946
0 0.548582 0.900419 0.083455 0.197344
2 0.160055 0.871756 0.107791 0.198464