8 0.830687 0.131030 0.107775 0.182653
10 0.752929 0.114790 0.086156 0.171367
9 0.662349 0.106398 0.079421 0.212797
6 0.531359 0.110267 0.072066 0.220533
7 0.455831 0.102591 0.070133 0.205182
9 0.347948 0.099032 0.077279 0.198064
8 0.166123 0.116454 0.106944 0.182652
11 0.834441 0.237669 0.066079 0.104308
11 0.730613 0.243262 0.059031 0.103696
11 0.636025 0.230162 0.052998 0.105037
11 0.462106 0.256014 0.046385 0.102313
11 0.272637 0.250748 0.057762 0.102831
11 0.543405 0.317874 0.047442 0.096037
10 0.345313 0.307803 0.067096 0.160742
11 0.178013 0.344895 0.065514 0.095174
5 0.528881 0.533791 0.046488 0.078654
4 0.449542 0.503285 0.060947 0.112743
4 0.358022 0.608133 0.068489 0.110504
5 0.840961 0.731749 0.068120 0.061531
5 0.727998 0.718026 0.056314 0.062599
5 0.621875 0.731710 0.050368 0.061453
5 0.362228 0.707530 0.050020 0.063401
5 0.267371 0.719054 0.056859 0.062451
5 0.167422 0.710077 0.066893 0.063210
2 0.842166 0.787545 0.113728 0.094315
3 0.637778 0.797867 0.075450 0.091723
0 0.543765 0.772520 0.070287 0.114933
1 0.461029 0.815626 0.066646 0.101969
3 0.368676 0.820774 0.072777 0.088761
2 0.166160 0.792555 0.111612 0.093504