6 0.770314 0.106221 0.136695 0.212442
9 0.641327 0.108498 0.095849 0.216997
8 0.162498 0.105870 0.092914 0.188717
11 0.844875 0.239411 0.074749 0.107021
11 0.744566 0.244510 0.067723 0.105758
11 0.645349 0.226422 0.061542 0.106854
10 0.450123 0.197149 0.069331 0.165046
11 0.548473 0.328122 0.056659 0.098424
11 0.267134 0.433347 0.047851 0.089087
3 0.253876 0.513650 0.077245 0.143288
5 0.730066 0.618224 0.065129 0.075111
4 0.469961 0.603558 0.068977 0.109215
5 0.182197 0.642491 0.055803 0.071150
5 0.833273 0.717148 0.076107 0.068421
5 0.632702 0.712544 0.058342 0.066803
5 0.540997 0.734606 0.053594 0.064580
0 0.738460 0.799571 0.130395 0.120768
2 0.260286 0.798662 0.077773 0.096771