6 0.767439 0.099977 0.117125 0.199953
8 0.553584 0.108489 0.064537 0.216978
7 0.140135 0.109485 0.157103 0.218970
10 0.845577 0.214690 0.097146 0.199771
11 0.732035 0.232804 0.056353 0.130438
11 0.643863 0.223562 0.048695 0.132204
11 0.817671 0.323287 0.064020 0.121370
10 0.752914 0.300319 0.075486 0.180761
11 0.439515 0.332582 0.056856 0.121709
9 0.644931 0.376853 0.069381 0.215503
11 0.535937 0.416766 0.048325 0.111072
5 0.453534 0.414137 0.054494 0.111856
11 0.363584 0.403651 0.061604 0.113823
5 0.536563 0.514524 0.049074 0.101169
5 0.361194 0.502881 0.062222 0.103650
11 0.254873 0.515379 0.070714 0.102476
5 0.821192 0.608306 0.064702 0.092236
5 0.268632 0.610477 0.069415 0.092760
5 0.741695 0.712897 0.056247 0.081405
5 0.630115 0.708728 0.047414 0.082315
3 0.339304 0.666754 0.097144 0.156543
4 0.241223 0.673330 0.103200 0.143080
0 0.748377 0.756393 0.110991 0.159425
2 0.548828 0.784662 0.063431 0.123206
1 0.367340 0.768690 0.101024 0.151184