8 0.846429 0.129685 0.129321 0.186845
6 0.562888 0.115270 0.115308 0.230541
7 0.461310 0.116036 0.102289 0.232072
8 0.361392 0.143815 0.088783 0.180771
11 0.821316 0.253311 0.079197 0.107234
11 0.735767 0.225586 0.074024 0.108654
9 0.570915 0.207928 0.100114 0.194598
9 0.749766 0.321750 0.119959 0.180455
11 0.448468 0.337319 0.058754 0.097647
10 0.366675 0.315009 0.083199 0.141353
11 0.167992 0.336885 0.054093 0.096816
11 0.555840 0.435460 0.062512 0.090184
1 0.459441 0.391810 0.095648 0.180938
10 0.559744 0.522366 0.076110 0.118145
11 0.269242 0.525458 0.052384 0.081012
5 0.736645 0.626686 0.072058 0.077310
4 0.553824 0.606262 0.078408 0.118191
5 0.828787 0.725033 0.081633 0.072318
3 0.760507 0.717631 0.121912 0.119065
5 0.645644 0.716965 0.065476 0.069547
5 0.364857 0.718144 0.052868 0.065830
5 0.275790 0.718317 0.051305 0.065521
5 0.178221 0.716123 0.051610 0.065774
0 0.761409 0.807803 0.147776 0.127259
2 0.642084 0.783364 0.105116 0.105114
3 0.358055 0.796126 0.073005 0.095062
2 0.159404 0.798964 0.085574 0.097692