6 0.550836 0.205070 0.087595 0.131748
11 0.807764 0.268582 0.074932 0.072979
11 0.256472 0.283459 0.052308 0.071876
11 0.165199 0.279475 0.063054 0.072819
11 0.721744 0.370537 0.064521 0.081356
11 0.378470 0.378498 0.046573 0.080788
11 0.628253 0.480643 0.059639 0.091454
11 0.439543 0.487858 0.047558 0.091348
5 0.635780 0.567916 0.060463 0.099729
5 0.468749 0.579788 0.049381 0.100270
5 0.365783 0.670001 0.046010 0.108651
5 0.829577 0.752578 0.075683 0.116771
5 0.729733 0.756242 0.067911 0.116631
0 0.658742 0.833100 0.112414 0.275863
5 0.268410 0.773866 0.052065 0.116633
5 0.175802 0.751696 0.059953 0.115883