6 0.756532 0.105274 0.124483 0.210548
8 0.541514 0.112636 0.067054 0.196481
11 0.626139 0.248381 0.054878 0.110024
11 0.162576 0.241114 0.065980 0.110279
1 0.865072 0.300090 0.138527 0.222643
11 0.735831 0.323186 0.062059 0.103670
11 0.267684 0.331586 0.057274 0.102065
11 0.832978 0.425465 0.069605 0.094306
9 0.656469 0.384506 0.083493 0.179291
7 0.349323 0.394650 0.083372 0.200425
5 0.545568 0.521984 0.049295 0.085150
11 0.376168 0.534956 0.049363 0.085124
5 0.832718 0.625946 0.070321 0.076431
5 0.166766 0.626414 0.067534 0.076971
5 0.733236 0.701671 0.059896 0.070045
4 0.631191 0.698005 0.064637 0.115605
5 0.268494 0.714118 0.056598 0.068310
0 0.753383 0.795281 0.123217 0.123505
2 0.541864 0.813844 0.065010 0.098810