6 0.726958 0.203663 0.089355 0.105781
8 0.629202 0.186397 0.070227 0.086723
8 0.155225 0.193880 0.128009 0.098442
11 0.825221 0.283234 0.051874 0.061253
11 0.732309 0.291270 0.047580 0.061266
11 0.637199 0.285322 0.049732 0.061236
11 0.164525 0.297504 0.076531 0.067277
11 0.531531 0.362808 0.052632 0.067827
11 0.363009 0.368906 0.060602 0.069459
10 0.440382 0.474836 0.067196 0.109839
7 0.361361 0.489135 0.100818 0.150566
5 0.553147 0.570858 0.053969 0.084133
9 0.367071 0.577275 0.091426 0.149320
5 0.738978 0.648284 0.049222 0.089330
5 0.342606 0.652557 0.062846 0.091771
5 0.826799 0.760828 0.052474 0.098602
3 0.714851 0.786922 0.079424 0.180808
5 0.636940 0.739829 0.051802 0.097054
3 0.431806 0.786653 0.090081 0.182394
1 0.327544 0.793300 0.108646 0.208989
5 0.181457 0.754009 0.073494 0.101543
0 0.734776 0.890231 0.097621 0.217719
2 0.451648 0.874972 0.083796 0.172630
2 0.156009 0.876116 0.122196 0.178724