6 0.755754 0.109300 0.095412 0.218600
8 0.619992 0.097885 0.076340 0.195771
11 0.814527 0.244624 0.053937 0.124832
9 0.630123 0.182382 0.074700 0.245402
11 0.709018 0.332447 0.046916 0.118043
11 0.652988 0.326868 0.050047 0.117309
11 0.448042 0.432595 0.061644 0.109026
7 0.126346 0.361544 0.172558 0.246865
5 0.735708 0.610228 0.046945 0.090555
1 0.439583 0.560194 0.101711 0.193357
9 0.340496 0.565377 0.108701 0.173133
3 0.252980 0.593163 0.127413 0.169643
5 0.822596 0.697684 0.055705 0.082463
5 0.637437 0.702863 0.048696 0.081416
5 0.263754 0.727889 0.074768 0.082229
0 0.739244 0.770925 0.091224 0.150544
2 0.459527 0.790662 0.086558 0.120465