8 0.842237 0.177083 0.123103 0.093691
6 0.542179 0.218102 0.085116 0.111637
9 0.351924 0.213223 0.065713 0.089907
10 0.265693 0.204699 0.077890 0.076044
8 0.176480 0.189960 0.093236 0.089784
11 0.724226 0.279500 0.062089 0.063016
11 0.623211 0.276112 0.055793 0.062179
11 0.267374 0.270020 0.047677 0.060666
11 0.173828 0.270126 0.057155 0.060976
11 0.835073 0.372984 0.072924 0.072026
7 0.649110 0.395997 0.096993 0.137318
11 0.551676 0.373735 0.052790 0.070154
11 0.381716 0.456993 0.046871 0.075969
5 0.553670 0.569468 0.054802 0.085830
5 0.442308 0.568954 0.049817 0.085309
3 0.355931 0.575378 0.067020 0.150535
9 0.278895 0.582733 0.074605 0.151859
4 0.645799 0.682445 0.071615 0.136729
4 0.350243 0.675845 0.068126 0.133811
5 0.824979 0.755848 0.070050 0.101621
5 0.727785 0.757339 0.063903 0.101171
5 0.646663 0.739464 0.059483 0.099157
5 0.285958 0.745821 0.046659 0.098243
5 0.180916 0.745745 0.055434 0.100077
0 0.739569 0.894276 0.125180 0.209629
2 0.646147 0.885426 0.086689 0.178240
1 0.464512 0.891996 0.080743 0.214189
2 0.152332 0.865340 0.095581 0.175900