6 0.757443 0.229330 0.153637 0.145568
8 0.651753 0.195916 0.109618 0.111163
7 0.461868 0.214412 0.088804 0.123835
8 0.168700 0.187503 0.084391 0.104983
11 0.842021 0.285578 0.086490 0.078462
9 0.751371 0.291397 0.127063 0.132225
11 0.647889 0.273594 0.067033 0.073584
11 0.553761 0.282306 0.062312 0.073426
9 0.455103 0.313854 0.083970 0.126966
11 0.271874 0.275277 0.050723 0.071684
11 0.736452 0.391283 0.074437 0.084045
10 0.672485 0.404166 0.095535 0.123055
11 0.463602 0.377146 0.057715 0.080824
10 0.171639 0.396888 0.075715 0.122215
5 0.440621 0.475599 0.057245 0.088456
11 0.181276 0.462611 0.051002 0.087470
3 0.459245 0.599851 0.089919 0.176950
5 0.733140 0.659353 0.076556 0.106942
4 0.463874 0.684621 0.071778 0.153480
4 0.348668 0.701104 0.077250 0.166768
5 0.829940 0.740369 0.083836 0.114735
3 0.759714 0.802635 0.128082 0.219052
5 0.640117 0.770032 0.071414 0.115447
5 0.567665 0.769866 0.066883 0.114544
5 0.272482 0.761268 0.051811 0.112655
5 0.175054 0.757642 0.051514 0.112238
0 0.756459 0.887562 0.153753 0.223059
2 0.639242 0.881563 0.102463 0.197987
1 0.471762 0.890162 0.106125 0.217858
2 0.169796 0.884086 0.086659 0.199815