8 0.833511 0.210870 0.107355 0.110242
6 0.525387 0.211860 0.072701 0.133888
7 0.440611 0.209289 0.080966 0.128361
11 0.724204 0.286598 0.053520 0.073351
11 0.642544 0.284168 0.048201 0.073292
8 0.168098 0.293173 0.125570 0.124264
11 0.838983 0.386425 0.065849 0.082869
10 0.635176 0.418239 0.061190 0.138318
11 0.542265 0.400432 0.046625 0.084943
9 0.439872 0.407433 0.077559 0.152476
1 0.352145 0.406218 0.098026 0.171034
11 0.180649 0.398880 0.073704 0.084898
9 0.649906 0.518568 0.069863 0.173012
11 0.445294 0.473105 0.053557 0.092195
5 0.440724 0.583497 0.053362 0.101861
5 0.536149 0.681821 0.048757 0.111757
4 0.347657 0.698674 0.081445 0.175331
5 0.817890 0.767560 0.061568 0.119550
5 0.727112 0.748546 0.055303 0.117433
5 0.634644 0.754265 0.048237 0.118449
3 0.560710 0.805068 0.065862 0.229118
3 0.435426 0.809708 0.081450 0.231172
5 0.269225 0.763479 0.066975 0.118769
5 0.165966 0.764343 0.073875 0.119280
2 0.853084 0.895075 0.107507 0.208033
0 0.520090 0.885970 0.078282 0.226242
2 0.167235 0.884835 0.119697 0.208019