6 0.752431 0.231048 0.123616 0.137423
8 0.531716 0.222311 0.061962 0.108014
7 0.445199 0.202049 0.069539 0.123157
8 0.174228 0.195797 0.114411 0.104621
11 0.830654 0.280234 0.071720 0.071194
11 0.747426 0.288409 0.062171 0.071979
11 0.619304 0.270791 0.052368 0.070021
11 0.366112 0.290158 0.051370 0.071938
11 0.181097 0.399521 0.068205 0.082560
9 0.732217 0.515035 0.098158 0.170124
2 0.546360 0.483510 0.064487 0.146748
9 0.451335 0.498392 0.065767 0.166185
11 0.256352 0.489270 0.059907 0.089750
5 0.449116 0.554301 0.046870 0.095761
5 0.821559 0.656210 0.068316 0.106467
3 0.761862 0.705080 0.104007 0.207212
5 0.355917 0.657582 0.052800 0.106331
5 0.724427 0.765667 0.061154 0.115798
5 0.634765 0.761692 0.055298 0.115237
5 0.253590 0.776014 0.061124 0.116819
5 0.181152 0.759283 0.066972 0.116940
0 0.754762 0.885933 0.124459 0.226316
1 0.461212 0.888088 0.070708 0.222005
4 0.271192 0.892284 0.086031 0.190010
2 0.157976 0.899737 0.112481 0.198707