6 0.760086 0.105750 0.133696 0.211499
8 0.655020 0.130040 0.092890 0.178210
7 0.464467 0.106575 0.086523 0.213150
9 0.354684 0.104765 0.073612 0.205601
8 0.257994 0.116102 0.079260 0.180402
11 0.808566 0.233214 0.071087 0.104202
10 0.651774 0.326103 0.090190 0.142800
11 0.448892 0.349821 0.051868 0.093336
5 0.266664 0.345137 0.046702 0.093009
11 0.162841 0.341923 0.054813 0.093375
11 0.622308 0.439693 0.060115 0.086789
5 0.452494 0.435369 0.052442 0.086174
11 0.372979 0.428126 0.049026 0.086335
5 0.638887 0.521527 0.060863 0.080270
11 0.548689 0.518748 0.055672 0.079830
9 0.452253 0.493562 0.074516 0.140846
5 0.838386 0.635261 0.075352 0.073395
4 0.544786 0.613690 0.073726 0.100921
5 0.734392 0.715679 0.066096 0.065243
1 0.565526 0.715217 0.085889 0.118670
3 0.382399 0.704829 0.067446 0.103662
5 0.256808 0.712865 0.046883 0.062896
5 0.180353 0.708613 0.053982 0.063543
0 0.854577 0.786338 0.154388 0.122571
2 0.630243 0.819919 0.092349 0.093067
3 0.378479 0.790045 0.066676 0.090855
2 0.166084 0.784998 0.090057 0.094295