6 0.750748 0.209378 0.123301 0.130818
8 0.631007 0.188586 0.082137 0.104535
7 0.454403 0.230697 0.068257 0.129587
9 0.366351 0.206323 0.073812 0.110367
10 0.246994 0.206226 0.086339 0.105861
8 0.168002 0.218340 0.114653 0.109306
11 0.819982 0.286798 0.071216 0.072600
11 0.716267 0.277533 0.059722 0.071416
11 0.626653 0.305909 0.053877 0.074351
11 0.280020 0.277339 0.056756 0.071034
11 0.155515 0.303528 0.070009 0.073845
10 0.641519 0.406865 0.066388 0.121397
11 0.555817 0.380178 0.049150 0.081078
5 0.457057 0.488479 0.045344 0.090242
4 0.464916 0.587080 0.061631 0.150874
9 0.248815 0.600753 0.097723 0.187325
5 0.728140 0.666416 0.062328 0.108255
4 0.353622 0.694003 0.070855 0.164510
5 0.827883 0.753631 0.069689 0.114968
3 0.745870 0.818307 0.101741 0.228103
5 0.640159 0.759840 0.055020 0.115508
5 0.535380 0.775940 0.048798 0.117454
5 0.277304 0.754871 0.058177 0.116821
5 0.177512 0.767159 0.066080 0.116042
2 0.834591 0.899872 0.114696 0.198437
0 0.553408 0.884980 0.079516 0.228221
1 0.432304 0.890773 0.073175 0.216636
3 0.374593 0.892545 0.074484 0.213091
2 0.162221 0.888069 0.109895 0.205396