6 0.771177 0.105586 0.124626 0.211171
11 0.839766 0.219149 0.070386 0.128440
11 0.631304 0.232064 0.051864 0.126804
9 0.450981 0.162622 0.074068 0.251842
11 0.745710 0.314548 0.061795 0.117194
1 0.642917 0.243344 0.084551 0.265521
11 0.444526 0.317895 0.050687 0.117112
11 0.170154 0.345953 0.073810 0.115853
8 0.545941 0.414069 0.062369 0.172911
5 0.443526 0.420616 0.050499 0.106974
5 0.538608 0.520916 0.046507 0.096938
5 0.814474 0.608339 0.068205 0.088403
5 0.721937 0.712953 0.057865 0.077981
7 0.251500 0.670917 0.120133 0.165725
0 0.769769 0.766197 0.124343 0.148476
2 0.347174 0.786823 0.088058 0.117899
3 0.254318 0.764777 0.106833 0.128574