11 0.817094 0.231030 0.073774 0.122090
1 0.455218 0.269582 0.072817 0.249059
6 0.862179 0.362721 0.161793 0.246920
11 0.730867 0.425368 0.067019 0.103102
11 0.637394 0.520588 0.059060 0.094446
5 0.545422 0.518584 0.053290 0.094347
9 0.457217 0.502409 0.066805 0.172981
7 0.358923 0.484349 0.074999 0.199069
11 0.175227 0.516921 0.063576 0.093448
5 0.637674 0.605730 0.058360 0.085834
5 0.173413 0.621556 0.064275 0.084124
5 0.263793 0.709785 0.054558 0.075466
4 0.245456 0.774681 0.082058 0.097936
0 0.142894 0.775652 0.136910 0.142028