6 0.742552 0.107205 0.118343 0.214410
8 0.431126 0.134610 0.097458 0.176471
8 0.357212 0.109548 0.104677 0.181599
11 0.807968 0.239515 0.058161 0.101913
9 0.529716 0.213850 0.096652 0.185700
7 0.448545 0.215469 0.112170 0.209010
11 0.175884 0.261419 0.081261 0.105464
10 0.632135 0.304599 0.085832 0.137024
11 0.551263 0.349382 0.062175 0.094120
11 0.261990 0.338987 0.075520 0.098033
11 0.720890 0.457256 0.055058 0.084354
11 0.637968 0.439008 0.058099 0.086423
11 0.442281 0.444734 0.064542 0.087485
5 0.449085 0.531157 0.064012 0.081200
10 0.340051 0.500098 0.100815 0.129367
5 0.719047 0.645228 0.054211 0.070032
5 0.545016 0.629795 0.058621 0.072031
5 0.817538 0.727143 0.052989 0.063607
3 0.734548 0.710477 0.081362 0.103162
5 0.637677 0.724233 0.054881 0.064150
1 0.541458 0.707575 0.091582 0.119722
2 0.338273 0.704070 0.109454 0.113750
5 0.258755 0.724933 0.074657 0.069924
5 0.170426 0.720641 0.082310 0.072069
0 0.730015 0.809353 0.094262 0.108612
3 0.528897 0.799065 0.081345 0.093456
2 0.444120 0.811774 0.094135 0.097442
4 0.244613 0.813128 0.110673 0.101210