8 0.816140 0.122298 0.084886 0.193297
6 0.536336 0.109969 0.106563 0.219938
8 0.158165 0.118309 0.130002 0.198042
11 0.802384 0.233076 0.050359 0.110436
11 0.634599 0.249378 0.055142 0.109673
10 0.434729 0.225549 0.089011 0.173092
11 0.162034 0.249803 0.081157 0.112298
9 0.632534 0.308360 0.080851 0.186604
11 0.464689 0.355778 0.061595 0.100277
11 0.441996 0.443207 0.061665 0.093647
5 0.645842 0.515772 0.052365 0.086783
5 0.818994 0.722649 0.050360 0.068525
5 0.726671 0.723299 0.048626 0.068267
3 0.447574 0.702109 0.087763 0.120297
5 0.358015 0.720481 0.064535 0.071359
5 0.163049 0.726950 0.083400 0.074271
2 0.828490 0.804354 0.084792 0.102711
3 0.630140 0.819670 0.071633 0.097733
0 0.530591 0.798954 0.087410 0.122486
2 0.252780 0.810412 0.122632 0.109249