8 0.834130 0.208149 0.085124 0.106836
9 0.637389 0.205722 0.072817 0.104717
6 0.530491 0.209971 0.088819 0.126855
7 0.444401 0.214628 0.097345 0.125009
9 0.348673 0.192347 0.106337 0.110169
10 0.237644 0.201365 0.113618 0.101448
8 0.152922 0.212372 0.142119 0.118418
11 0.805040 0.285620 0.049506 0.071960
11 0.724425 0.292209 0.049298 0.072532
11 0.622109 0.265544 0.052349 0.069683
11 0.538868 0.300807 0.055714 0.073290
11 0.264897 0.269030 0.073425 0.073812
11 0.167394 0.273872 0.083612 0.076084
10 0.636827 0.392580 0.069751 0.120063
11 0.361889 0.388503 0.066393 0.082994
11 0.454790 0.467589 0.061389 0.088019
5 0.445341 0.575572 0.062849 0.097109
5 0.370990 0.550192 0.067576 0.095497
5 0.537634 0.657515 0.058802 0.104613
4 0.342260 0.672949 0.096457 0.154089
5 0.823153 0.736967 0.051029 0.111255
5 0.729115 0.766646 0.050389 0.112540
5 0.628684 0.753287 0.054583 0.111915
5 0.259730 0.763516 0.075657 0.114814
5 0.171583 0.771822 0.081561 0.116733
2 0.825412 0.886063 0.085555 0.198763
4 0.744519 0.883855 0.073951 0.183050
3 0.626586 0.895977 0.085221 0.206228
0 0.547815 0.893172 0.107154 0.211838
1 0.416020 0.893641 0.114073 0.210901
3 0.343590 0.898279 0.113435 0.201625
2 0.146875 0.884406 0.134195 0.203429