8 0.844019 0.121392 0.118864 0.218448
6 0.775547 0.106255 0.134201 0.212511
8 0.344967 0.103456 0.081513 0.206913
11 0.743459 0.243471 0.064804 0.124713
7 0.345887 0.160343 0.090930 0.285340
11 0.540889 0.335533 0.048838 0.113777
10 0.349127 0.306029 0.070509 0.174105
3 0.745137 0.380984 0.103361 0.206230
5 0.544353 0.434025 0.048896 0.104276
11 0.440460 0.427413 0.048500 0.105117
11 0.268554 0.429944 0.061433 0.104672
5 0.445064 0.535711 0.047351 0.094163
11 0.343852 0.531544 0.055390 0.094662
10 0.143213 0.493933 0.111083 0.154476
5 0.729269 0.624556 0.061940 0.085933
1 0.628029 0.576179 0.087160 0.186692
5 0.354651 0.603572 0.054568 0.088417
0 0.743977 0.679561 0.125109 0.171018
5 0.639193 0.705721 0.055199 0.078387
5 0.264059 0.723220 0.060894 0.076025
2 0.847732 0.788954 0.125841 0.115205
2 0.156770 0.771840 0.122113 0.117939