6 0.842138 0.115355 0.149367 0.230710
8 0.356383 0.138130 0.068390 0.185144
11 0.739107 0.237061 0.065701 0.108669
11 0.831871 0.320678 0.072177 0.100648
8 0.552436 0.304403 0.075089 0.162202
11 0.272259 0.347907 0.050808 0.097442
7 0.630431 0.376146 0.094264 0.193140
11 0.451142 0.439733 0.048861 0.088981
11 0.169888 0.436699 0.059508 0.088706
5 0.639455 0.512917 0.058767 0.084444
11 0.536651 0.542987 0.052728 0.081190
5 0.458980 0.530578 0.049327 0.082067
2 0.760968 0.597321 0.108224 0.126315
5 0.540375 0.615366 0.051834 0.074624
5 0.176928 0.616861 0.059143 0.073838
0 0.772503 0.696866 0.132794 0.137399
5 0.633395 0.719020 0.057077 0.066235
5 0.268900 0.719280 0.049656 0.065054
2 0.639085 0.805869 0.089552 0.097629
1 0.454228 0.802794 0.071463 0.108179