8 0.853716 0.104095 0.114885 0.185597
9 0.663894 0.111497 0.086061 0.212711
6 0.542629 0.103085 0.082397 0.206169
7 0.445977 0.103086 0.071043 0.206171
8 0.165428 0.114979 0.100444 0.183356
11 0.815073 0.239484 0.067078 0.104809
11 0.724185 0.239385 0.060888 0.104524
11 0.652680 0.233982 0.057334 0.104893
10 0.465315 0.209022 0.062674 0.157782
11 0.261235 0.236250 0.054086 0.103754
10 0.656596 0.314344 0.077251 0.139343
9 0.545237 0.294091 0.072460 0.180266
11 0.446375 0.345062 0.045525 0.093496
11 0.168112 0.357395 0.061887 0.091982
11 0.557447 0.421676 0.050384 0.088302
5 0.545607 0.535887 0.050489 0.078034
5 0.634654 0.611772 0.054547 0.071767
3 0.543810 0.608684 0.070123 0.124387
4 0.367802 0.625564 0.056862 0.099755
4 0.248944 0.614619 0.079382 0.101434
5 0.820242 0.701628 0.069560 0.065200
5 0.743677 0.721325 0.061040 0.063255
5 0.369344 0.723970 0.047097 0.062203
5 0.268700 0.723910 0.051938 0.062061
5 0.188222 0.704753 0.060036 0.063631
2 0.845981 0.781639 0.119709 0.097454
3 0.637160 0.789078 0.080703 0.093612
0 0.544878 0.792776 0.078435 0.112379
1 0.451307 0.787509 0.067170 0.106127
2 0.159367 0.812372 0.105057 0.090495