8 0.454425 0.115203 0.083020 0.213691
9 0.345293 0.105940 0.105514 0.211881
8 0.151526 0.107426 0.130980 0.214851
11 0.738144 0.237538 0.050622 0.123476
6 0.520008 0.172280 0.091535 0.291337
11 0.820735 0.328657 0.057229 0.113247
9 0.632559 0.277867 0.068560 0.220287
11 0.162592 0.329335 0.081268 0.115860
11 0.626958 0.424137 0.047934 0.105972
11 0.363637 0.439695 0.064907 0.104119
5 0.158206 0.427185 0.082316 0.107614
11 0.551324 0.510690 0.051551 0.097365
5 0.539109 0.622077 0.052259 0.087192
3 0.444746 0.581969 0.086436 0.161803
5 0.168605 0.596836 0.082089 0.092063
5 0.832312 0.720362 0.059962 0.077471
5 0.739726 0.722991 0.049883 0.077192
5 0.645844 0.706270 0.047124 0.078299
0 0.540169 0.679735 0.083167 0.168554
4 0.439026 0.699224 0.071221 0.129803
2 0.351178 0.697683 0.100718 0.131004
2 0.335862 0.786995 0.104793 0.119054