6 0.867315 0.221146 0.179303 0.165050
11 0.827279 0.291530 0.082567 0.084086
11 0.741904 0.300561 0.071647 0.084073
11 0.178063 0.298082 0.060332 0.083083
11 0.636653 0.400619 0.064069 0.092950
11 0.280071 0.387191 0.050106 0.090454
5 0.649170 0.574966 0.066544 0.110965
5 0.565255 0.583883 0.059408 0.111452
1 0.366816 0.631196 0.073272 0.240347
0 0.658393 0.733292 0.124268 0.283331
5 0.370986 0.678117 0.046674 0.119007
5 0.176438 0.667354 0.060086 0.118606
5 0.830608 0.754830 0.081797 0.128704
5 0.732467 0.762730 0.073109 0.128943
7 0.455556 0.844598 0.083788 0.292224
10 0.362378 0.899429 0.055781 0.199325