6 0.746316 0.235130 0.125781 0.140022
8 0.445835 0.196576 0.061588 0.106066
11 0.727006 0.292065 0.061419 0.073794
11 0.634594 0.293953 0.055290 0.073802
11 0.845308 0.388915 0.074826 0.083556
9 0.556942 0.413474 0.072230 0.151910
5 0.643904 0.577764 0.057320 0.100192
11 0.162050 0.579640 0.067615 0.099673
5 0.731910 0.666580 0.064426 0.109408
5 0.549801 0.662567 0.051270 0.108487
11 0.469818 0.673662 0.046587 0.109729
8 0.144278 0.709946 0.112424 0.181507
5 0.839081 0.757431 0.072576 0.116785
2 0.455877 0.783231 0.063128 0.190024
5 0.155547 0.772165 0.067563 0.117338
3 0.635426 0.889983 0.086034 0.218216
0 0.557651 0.887726 0.084439 0.222729
2 0.163604 0.885014 0.108616 0.205975