6 0.757208 0.206541 0.134712 0.126730
8 0.657751 0.199860 0.095087 0.102720
7 0.457361 0.216707 0.073872 0.116987
9 0.364839 0.187247 0.064426 0.097996
8 0.168538 0.199528 0.098293 0.100857
11 0.825523 0.300257 0.075868 0.072227
9 0.749557 0.294077 0.109907 0.120951
11 0.644903 0.279047 0.059297 0.068762
10 0.549389 0.305531 0.069168 0.110074
11 0.356555 0.280165 0.045728 0.067524
11 0.269966 0.275799 0.049152 0.066956
11 0.163031 0.276114 0.059783 0.067136
11 0.747472 0.379102 0.067347 0.078469
10 0.357665 0.402461 0.055002 0.112830
11 0.555080 0.474010 0.054543 0.084705
4 0.365453 0.588531 0.058093 0.150283
5 0.744112 0.661775 0.068352 0.103192
4 0.654084 0.691503 0.089026 0.153163
5 0.454252 0.652255 0.050372 0.100437
5 0.819153 0.750861 0.074071 0.111227
3 0.757792 0.783113 0.112294 0.208318
5 0.639614 0.773349 0.061349 0.112422
5 0.556709 0.768620 0.056389 0.111423
3 0.469981 0.796490 0.074699 0.207330
5 0.260491 0.743592 0.049578 0.107283
5 0.178793 0.753884 0.056863 0.108239
0 0.750931 0.886024 0.133882 0.226134
2 0.660773 0.882842 0.092270 0.193897
1 0.443235 0.887611 0.080237 0.222960
2 0.170214 0.876042 0.095083 0.192460