8 0.331329 0.211212 0.108126 0.109351
11 0.819862 0.300754 0.050097 0.071453
6 0.732409 0.300215 0.092474 0.139182
11 0.541980 0.270101 0.054957 0.068895
5 0.369048 0.287310 0.064195 0.071928
11 0.735470 0.376348 0.049045 0.076540
2 0.347675 0.390399 0.103513 0.131171
11 0.544799 0.479753 0.056183 0.086954
1 0.444525 0.498460 0.100003 0.173118
5 0.256904 0.575964 0.073961 0.097488
5 0.731765 0.663552 0.049976 0.101567
0 0.729621 0.833559 0.099420 0.252456
5 0.640260 0.754449 0.054692 0.109659
7 0.228085 0.891968 0.139890 0.214245