6 0.734952 0.106488 0.100303 0.212976
8 0.639861 0.139987 0.069801 0.168658
9 0.345939 0.129503 0.082249 0.194478
10 0.258122 0.117525 0.086307 0.158214
8 0.151766 0.144254 0.110593 0.170405
11 0.832417 0.244984 0.060337 0.095419
11 0.730700 0.247577 0.051790 0.095236
11 0.635074 0.255591 0.047635 0.094758
9 0.542943 0.223438 0.064207 0.178296
11 0.357117 0.256395 0.054314 0.095249
11 0.159914 0.243812 0.067848 0.096981
11 0.539155 0.343504 0.045753 0.087516
11 0.264270 0.346926 0.058789 0.087887
7 0.170558 0.415162 0.124418 0.166534
3 0.649479 0.508159 0.068234 0.129753
5 0.463023 0.534733 0.048238 0.072666
4 0.635828 0.585547 0.054776 0.111067
5 0.552220 0.633393 0.044791 0.065328
3 0.459389 0.615511 0.068525 0.112439
5 0.831363 0.734043 0.060822 0.057222
5 0.724799 0.734372 0.050926 0.057084
5 0.632506 0.716624 0.046334 0.058329
5 0.275529 0.723472 0.057754 0.058600
5 0.171441 0.706595 0.067746 0.060186
2 0.848026 0.814177 0.104114 0.083855
0 0.554086 0.790873 0.068638 0.101905
1 0.460568 0.794795 0.071686 0.096272
2 0.160609 0.800692 0.114006 0.088077