8 0.745954 0.207274 0.108528 0.103628
10 0.549156 0.203123 0.058618 0.088325
8 0.437624 0.208414 0.063790 0.100176
6 0.253033 0.200687 0.100033 0.119891
11 0.644415 0.272466 0.057689 0.067320
11 0.373314 0.287723 0.046103 0.067688
7 0.258332 0.307037 0.091483 0.132258
11 0.158826 0.281717 0.061651 0.067089
4 0.536552 0.401762 0.070439 0.112092
11 0.272518 0.381725 0.050570 0.075856
5 0.550418 0.485079 0.053292 0.085001
5 0.371954 0.479674 0.045852 0.083852
10 0.163673 0.496677 0.096155 0.128187
5 0.727625 0.576908 0.064087 0.093234
5 0.372053 0.681170 0.045791 0.102454
5 0.177619 0.644637 0.059481 0.098290
5 0.725797 0.750406 0.065382 0.109425
3 0.656859 0.799547 0.091711 0.208424
1 0.542252 0.806231 0.086744 0.235617
0 0.766197 0.897155 0.134401 0.203872
2 0.455765 0.882247 0.068913 0.190656
2 0.175796 0.890274 0.096450 0.194116