6 0.729179 0.115484 0.092188 0.230967
7 0.445995 0.114117 0.098641 0.228235
9 0.358285 0.107914 0.099612 0.215828
1 0.157006 0.105632 0.146333 0.211264
11 0.358658 0.335414 0.063668 0.100914
11 0.168675 0.333930 0.075757 0.102666
11 0.827873 0.417476 0.054399 0.092272
9 0.535837 0.397444 0.078900 0.169207
11 0.636508 0.531583 0.049873 0.083772
5 0.361259 0.521724 0.063120 0.086474
3 0.842674 0.712205 0.091653 0.113126
5 0.725769 0.721894 0.046130 0.066801
5 0.642779 0.709692 0.048730 0.068220
5 0.340701 0.710821 0.061761 0.069888
0 0.735175 0.793668 0.090334 0.120485
3 0.641961 0.811465 0.067165 0.096599