8 0.845617 0.206784 0.114192 0.101686
9 0.643491 0.220102 0.075166 0.105774
6 0.526795 0.198672 0.068090 0.120858
7 0.441000 0.198684 0.073516 0.115614
9 0.360062 0.200592 0.078994 0.101998
8 0.176428 0.210232 0.115558 0.102955
11 0.812496 0.293619 0.065709 0.068964
11 0.736551 0.280127 0.057122 0.067644
11 0.639041 0.278533 0.050264 0.067526
11 0.545464 0.288017 0.045211 0.068492
11 0.443174 0.301317 0.048631 0.069861
11 0.263849 0.282196 0.059995 0.068190
11 0.186256 0.287110 0.068426 0.068795
10 0.646332 0.390734 0.069700 0.119921
3 0.335880 0.406542 0.083173 0.140217
11 0.347567 0.476728 0.054534 0.084890
5 0.554170 0.580837 0.045497 0.094223
4 0.652280 0.699220 0.070100 0.171328
5 0.840535 0.766811 0.067060 0.111194
5 0.727888 0.753962 0.058639 0.109764
5 0.642856 0.765705 0.052586 0.111191
5 0.457871 0.756020 0.048112 0.110194
5 0.358120 0.758747 0.055526 0.110627
5 0.284376 0.757512 0.059834 0.110548
5 0.188954 0.749324 0.066646 0.109699
2 0.844855 0.894314 0.109624 0.197312
0 0.545065 0.890511 0.072029 0.217160
1 0.443041 0.885259 0.077287 0.227664
3 0.346974 0.902687 0.083138 0.192808
4 0.264866 0.896095 0.089101 0.200765
2 0.158838 0.887849 0.112993 0.197034