8 0.855117 0.107840 0.126890 0.215681
9 0.650196 0.114317 0.095432 0.228634
11 0.827062 0.238699 0.075508 0.123904
11 0.731841 0.242847 0.068522 0.122940
11 0.647460 0.235404 0.061288 0.123543
6 0.349209 0.168297 0.086741 0.297255
11 0.261705 0.223449 0.056717 0.126137
11 0.543226 0.332535 0.054082 0.114450
11 0.368208 0.335139 0.047741 0.113399
4 0.259675 0.308092 0.076196 0.172148
11 0.154976 0.336170 0.066063 0.114759
5 0.554109 0.408526 0.053855 0.106379
1 0.153443 0.375897 0.126504 0.229611
0 0.737653 0.569253 0.132072 0.198551
5 0.549163 0.601865 0.053502 0.088572
5 0.250891 0.708720 0.056826 0.077525
5 0.174492 0.719722 0.066112 0.077494
7 0.771676 0.766894 0.132242 0.143346
3 0.358926 0.767259 0.069188 0.125213
2 0.147560 0.792085 0.114595 0.116270