6 0.743385 0.211579 0.108138 0.129477
8 0.629574 0.210217 0.069870 0.106559
11 0.825696 0.293175 0.064745 0.071930
11 0.749347 0.382959 0.055598 0.079882
1 0.445573 0.407427 0.080359 0.164902
11 0.188687 0.382651 0.072286 0.081596
5 0.727938 0.494400 0.054767 0.090653
5 0.454478 0.475444 0.050844 0.089161
11 0.259404 0.470226 0.064483 0.089264
5 0.536653 0.567727 0.047482 0.097815
5 0.177592 0.762269 0.071244 0.116208
0 0.761726 0.898085 0.112154 0.202012
3 0.640272 0.890846 0.070626 0.216489
8 0.261189 0.891354 0.100859 0.203434