6 0.750547 0.109134 0.110806 0.218268
8 0.627514 0.101429 0.067907 0.202859
9 0.347591 0.105664 0.094523 0.211327
8 0.149101 0.120149 0.122919 0.211281
11 0.836190 0.239202 0.064903 0.121033
11 0.719108 0.237103 0.054421 0.121573
11 0.646532 0.246169 0.049420 0.120617
11 0.268287 0.244681 0.067377 0.119878
11 0.173958 0.228847 0.074454 0.122341
11 0.530634 0.331452 0.048813 0.111975
10 0.336273 0.287779 0.085243 0.170326
10 0.445359 0.396629 0.067481 0.153033
7 0.150835 0.377361 0.147251 0.225968
4 0.450437 0.511131 0.067641 0.136065
9 0.255039 0.481734 0.109175 0.179862
5 0.719344 0.634946 0.053326 0.082675
4 0.336822 0.586634 0.083276 0.142031
1 0.235176 0.582055 0.127665 0.180093
5 0.814448 0.706410 0.063360 0.075856
3 0.723677 0.677644 0.085435 0.138358
5 0.639961 0.692673 0.047975 0.077600
5 0.550893 0.708130 0.046929 0.076103
3 0.438640 0.675769 0.076978 0.139661
5 0.267140 0.706945 0.065818 0.077264
5 0.175279 0.708469 0.075636 0.077641
2 0.825352 0.792936 0.107558 0.113304
0 0.533687 0.780319 0.072130 0.141583
2 0.161699 0.787030 0.128885 0.115539