8 0.849191 0.103174 0.110733 0.206347
9 0.641243 0.102829 0.076025 0.205657
6 0.555062 0.106073 0.073469 0.212145
8 0.165951 0.102855 0.114995 0.205710
11 0.749860 0.235651 0.059467 0.115518
11 0.638484 0.245923 0.052355 0.116644
7 0.441272 0.178480 0.079733 0.259783
11 0.256878 0.243792 0.063342 0.115197
11 0.188986 0.242932 0.069205 0.115434
11 0.546368 0.311387 0.045414 0.108511
11 0.810459 0.432928 0.065179 0.097416
10 0.629977 0.390288 0.065406 0.148919
5 0.538668 0.420371 0.045287 0.099186
11 0.440004 0.424317 0.050810 0.098873
1 0.743269 0.477488 0.105870 0.192244
4 0.652309 0.584833 0.076448 0.119559
3 0.561374 0.590590 0.065175 0.149746
5 0.360441 0.622268 0.055281 0.080927
5 0.828779 0.692643 0.067740 0.074122
5 0.718118 0.700122 0.056078 0.073332
5 0.632378 0.693046 0.050732 0.074179
5 0.267376 0.702188 0.060779 0.073664
5 0.188514 0.714069 0.070036 0.072601
0 0.753450 0.785592 0.117103 0.131987
2 0.650256 0.801546 0.078925 0.105731
2 0.148848 0.800258 0.124843 0.107393