6 0.831205 0.217685 0.109362 0.146661
8 0.141274 0.193930 0.148659 0.125177
11 0.823578 0.286296 0.054806 0.079396
11 0.354577 0.285140 0.067212 0.081395
11 0.166394 0.273697 0.086376 0.081801
11 0.733342 0.378699 0.047672 0.087496
4 0.525625 0.403892 0.065365 0.129678
11 0.451836 0.380035 0.061126 0.088487
11 0.348373 0.368190 0.068608 0.088263
9 0.233820 0.422805 0.131026 0.171129
7 0.543413 0.521491 0.090759 0.206955
5 0.824093 0.579056 0.054080 0.106314
1 0.752912 0.608699 0.086919 0.225889
5 0.536758 0.591128 0.056511 0.108043
5 0.451087 0.669157 0.062262 0.116784
5 0.731545 0.765991 0.047822 0.124792
5 0.169628 0.766991 0.083612 0.125921
0 0.848260 0.889086 0.114243 0.220010
2 0.638360 0.887808 0.077551 0.216978