6 0.743534 0.212240 0.117046 0.114422
8 0.626913 0.213198 0.078288 0.095341
7 0.445185 0.220364 0.067295 0.109187
9 0.342367 0.189970 0.075344 0.090950
10 0.271166 0.192557 0.073132 0.079478
8 0.160156 0.190255 0.110495 0.091219
11 0.745630 0.286108 0.059545 0.063793
11 0.644436 0.272393 0.052576 0.062535
11 0.282866 0.279213 0.053893 0.062838
11 0.169048 0.298209 0.065916 0.064455
11 0.824037 0.392587 0.067241 0.073037
9 0.634478 0.377113 0.076449 0.123186
11 0.556443 0.368911 0.048527 0.070610
11 0.375611 0.376357 0.048666 0.071115
11 0.454620 0.475370 0.044790 0.080088
5 0.448395 0.586774 0.045031 0.089039
5 0.357836 0.574743 0.050147 0.087813
4 0.633719 0.692859 0.061696 0.142503
5 0.544866 0.655090 0.048212 0.095885
4 0.343482 0.696827 0.073178 0.154571
1 0.275421 0.693549 0.097146 0.202318
5 0.835842 0.776056 0.068163 0.106715
5 0.730787 0.765370 0.059302 0.105431
5 0.637313 0.738175 0.053621 0.102504
5 0.269415 0.747171 0.056454 0.103107
5 0.194009 0.754751 0.061990 0.103849
2 0.841084 0.888220 0.110278 0.185225
3 0.655745 0.892655 0.081442 0.212871
0 0.558158 0.893527 0.078867 0.211128
2 0.445983 0.875788 0.061226 0.184400