6 0.747398 0.213752 0.119340 0.143619
8 0.638476 0.222797 0.078242 0.118014
7 0.449161 0.218672 0.074828 0.139259
9 0.356202 0.229509 0.084411 0.126855
10 0.266089 0.206802 0.094581 0.110021
8 0.144382 0.211711 0.130203 0.118398
11 0.828617 0.287150 0.070063 0.077923
9 0.741098 0.303014 0.097557 0.142011
11 0.629473 0.289756 0.051650 0.078367
11 0.541864 0.290672 0.045931 0.078568
11 0.250611 0.282517 0.064907 0.077976
11 0.184999 0.296964 0.073112 0.079918
11 0.740265 0.383284 0.059948 0.087233
10 0.652691 0.401272 0.078673 0.129705
11 0.454521 0.385321 0.049256 0.087815
5 0.536440 0.588897 0.045899 0.107893
4 0.450404 0.591718 0.067479 0.164191
5 0.631575 0.674300 0.052391 0.115441
3 0.567617 0.703074 0.066819 0.224202
4 0.360156 0.681626 0.077456 0.172619
5 0.828612 0.760206 0.069030 0.125071
5 0.713739 0.748350 0.058956 0.123501
1 0.428124 0.843030 0.082989 0.287232
5 0.356217 0.787214 0.058013 0.127111
5 0.281264 0.773204 0.064466 0.125234
5 0.168183 0.752598 0.073788 0.124916
2 0.826545 0.895932 0.110289 0.206318
3 0.645987 0.894366 0.079838 0.209450
0 0.556530 0.896094 0.074154 0.205993
2 0.156760 0.902819 0.118841 0.192543