6 0.853020 0.308037 0.135232 0.121008
11 0.656371 0.286429 0.051341 0.058833
2 0.451227 0.300611 0.060695 0.098516
11 0.169030 0.280495 0.064407 0.058303
11 0.725119 0.368860 0.055466 0.066129
11 0.280183 0.358597 0.053051 0.065141
11 0.822108 0.475171 0.065287 0.074497
8 0.548379 0.467929 0.063260 0.120607
5 0.272090 0.451182 0.053743 0.072245
5 0.168586 0.558601 0.063801 0.080965
5 0.824605 0.646833 0.064594 0.088837
5 0.746861 0.662025 0.058856 0.090096
0 0.748043 0.803578 0.113289 0.223849
5 0.641652 0.760095 0.052299 0.096885