6 0.559602 0.206794 0.096826 0.239250
8 0.366471 0.222221 0.072826 0.172130
11 0.267789 0.232921 0.046995 0.106545
11 0.555498 0.339933 0.057038 0.097573
11 0.162252 0.327125 0.056148 0.097273
11 0.729121 0.421977 0.066431 0.092718
5 0.193693 0.426384 0.053305 0.089754
11 0.837612 0.522536 0.075923 0.084787
5 0.548183 0.537116 0.056106 0.081204
5 0.845212 0.611797 0.076160 0.077213
10 0.740951 0.609850 0.093333 0.123503
4 0.475952 0.588740 0.057217 0.109820
5 0.283010 0.611533 0.046388 0.073605
5 0.731070 0.697463 0.065954 0.069100
0 0.263158 0.697501 0.091658 0.132654
2 0.454090 0.789911 0.068084 0.097324