6 0.734989 0.108587 0.094705 0.217175
9 0.626503 0.112463 0.085086 0.224926
8 0.437844 0.108835 0.100724 0.217670
8 0.239576 0.113530 0.129418 0.227060
11 0.826250 0.232500 0.052487 0.135542
11 0.728527 0.251234 0.049226 0.133580
11 0.635344 0.326515 0.055871 0.126050
3 0.330073 0.259414 0.126164 0.249717
5 0.447334 0.435284 0.067076 0.114729
11 0.255822 0.411770 0.083307 0.118931
11 0.149339 0.432539 0.092485 0.117677
3 0.428551 0.474631 0.107851 0.204028
9 0.125866 0.478661 0.166512 0.209872
0 0.434867 0.556618 0.120172 0.222144
5 0.344110 0.610572 0.075001 0.099263
5 0.804591 0.709195 0.049120 0.086476
5 0.722823 0.721128 0.048630 0.085576
5 0.628567 0.700175 0.054201 0.088050
2 0.234728 0.686225 0.138008 0.150533
2 0.136336 0.792632 0.160994 0.138277