8 0.832973 0.122240 0.110620 0.176252
10 0.734693 0.133625 0.081735 0.157793
9 0.644565 0.106467 0.084270 0.205648
6 0.550726 0.109088 0.083323 0.218176
7 0.452340 0.097174 0.072933 0.194347
9 0.351783 0.131027 0.066490 0.199893
10 0.241251 0.138987 0.078907 0.155699
8 0.162850 0.133704 0.097943 0.173889
11 0.833437 0.245626 0.068115 0.099352
11 0.646356 0.244412 0.056443 0.098770
11 0.559333 0.243172 0.052408 0.098641
11 0.462904 0.231496 0.048184 0.099439
11 0.363685 0.237462 0.045675 0.098619
11 0.251603 0.254945 0.053108 0.098808
11 0.168825 0.247177 0.059588 0.097533
11 0.730759 0.341195 0.060749 0.092309
5 0.376554 0.525449 0.045685 0.075955
5 0.843619 0.721852 0.071509 0.061623
5 0.737130 0.721525 0.060733 0.061006
5 0.624825 0.716016 0.053351 0.060952
5 0.546670 0.722075 0.049150 0.060280
5 0.449405 0.730352 0.046461 0.059544
5 0.270696 0.712698 0.050858 0.060543
5 0.186227 0.722773 0.058821 0.059968
2 0.832890 0.822142 0.116511 0.089502
4 0.737522 0.809069 0.091703 0.085236
3 0.651196 0.809232 0.083033 0.086801
0 0.552356 0.814510 0.081092 0.102777
1 0.442566 0.786157 0.067492 0.100176
3 0.353642 0.813737 0.066793 0.085148
4 0.260073 0.811558 0.082008 0.073282
2 0.154863 0.800255 0.102577 0.088490