6 0.747517 0.216216 0.116888 0.131142
8 0.456032 0.208642 0.065281 0.107473
11 0.734220 0.297317 0.057544 0.073000
11 0.639366 0.280872 0.051894 0.071325
11 0.819973 0.377012 0.067764 0.080357
11 0.544298 0.396049 0.046245 0.082653
10 0.450776 0.529011 0.054698 0.155901
5 0.344832 0.480108 0.055372 0.089342
1 0.345187 0.611946 0.091716 0.213312
5 0.817163 0.673389 0.066183 0.108441
3 0.642917 0.718671 0.077545 0.208068
7 0.152764 0.712434 0.136937 0.235928
5 0.724219 0.765841 0.058727 0.115763
5 0.641992 0.754437 0.053383 0.116678
0 0.740887 0.892894 0.115542 0.212393
2 0.364457 0.902427 0.078991 0.193328