8 0.837450 0.193650 0.103725 0.089302
6 0.557164 0.204033 0.069159 0.108224
8 0.171305 0.199286 0.115272 0.092833
7 0.844395 0.297944 0.117288 0.118674
11 0.725687 0.285199 0.051720 0.061492
11 0.635946 0.274808 0.047096 0.060813
9 0.543810 0.287182 0.063282 0.101917
11 0.355846 0.280866 0.053565 0.061716
11 0.258644 0.288044 0.060980 0.062607
11 0.730678 0.379035 0.051419 0.068607
11 0.361103 0.357746 0.053566 0.067550
11 0.178369 0.388259 0.068422 0.072002
5 0.531103 0.465308 0.045990 0.075815
5 0.711622 0.556277 0.050809 0.083270
5 0.438827 0.563638 0.051347 0.084422
5 0.360510 0.576295 0.055239 0.085711
10 0.252756 0.580301 0.092115 0.124473
5 0.819643 0.655084 0.059650 0.092024
1 0.736806 0.707363 0.093965 0.196575
4 0.172133 0.685646 0.098566 0.138471
0 0.735860 0.790731 0.101756 0.229378
5 0.642620 0.761013 0.047356 0.102118
5 0.262046 0.749492 0.062238 0.101942
5 0.165799 0.750584 0.068503 0.102344
2 0.641838 0.883394 0.069893 0.177854
3 0.367235 0.896368 0.082866 0.205446
2 0.150120 0.883015 0.114083 0.180278