8 0.848955 0.188488 0.128773 0.105915
8 0.456872 0.198064 0.063759 0.102995
10 0.462611 0.311749 0.064446 0.104470
6 0.373522 0.317062 0.078691 0.146502
11 0.187002 0.277658 0.061491 0.070536
11 0.825301 0.368400 0.074167 0.079017
11 0.741368 0.387206 0.064561 0.080262
11 0.357984 0.373641 0.046895 0.078913
11 0.261799 0.369415 0.052592 0.078217
5 0.831713 0.464282 0.073771 0.087323
11 0.650056 0.473781 0.059022 0.087341
11 0.543483 0.470063 0.053021 0.086559
5 0.268072 0.475933 0.052231 0.087853
7 0.364568 0.607300 0.072619 0.203549
5 0.185808 0.550930 0.060196 0.094273
1 0.650931 0.725012 0.100053 0.229664
3 0.546820 0.683709 0.078954 0.196433
5 0.365061 0.674497 0.046081 0.104743
5 0.745287 0.756529 0.066934 0.113657
5 0.647037 0.765726 0.059747 0.114259
0 0.752497 0.888811 0.131516 0.220559
2 0.544420 0.902773 0.073816 0.192635
2 0.453862 0.889235 0.065900 0.199448