8 0.626990 0.210332 0.066897 0.095264
9 0.560938 0.183590 0.066853 0.092088
6 0.248773 0.201172 0.130568 0.119436
10 0.741753 0.283392 0.078944 0.091800
11 0.269620 0.275199 0.064445 0.065810
11 0.169089 0.291536 0.074196 0.068037
11 0.820582 0.378831 0.056698 0.072071
8 0.644568 0.396930 0.069622 0.120710
11 0.556109 0.378058 0.048407 0.072418
5 0.811424 0.458742 0.055495 0.078719
11 0.737271 0.480718 0.048303 0.080564
3 0.640070 0.495100 0.066480 0.143381
11 0.448781 0.470565 0.053714 0.080795
5 0.461069 0.564660 0.054665 0.089302
11 0.366844 0.560526 0.059250 0.089386
5 0.353550 0.664033 0.060163 0.097401
5 0.164293 0.657062 0.074012 0.098108
0 0.849999 0.802024 0.117814 0.238074
5 0.730604 0.755049 0.048426 0.104475
5 0.634224 0.755839 0.046587 0.104933
5 0.340125 0.766430 0.062568 0.107615
2 0.148935 0.768160 0.121330 0.172351
4 0.636321 0.880164 0.067117 0.178335
2 0.531076 0.881622 0.071752 0.183586
3 0.350423 0.892533 0.094140 0.213116