6 0.739451 0.108280 0.135913 0.216560
9 0.658460 0.182997 0.099191 0.228568
11 0.723673 0.350564 0.068523 0.106703
8 0.268402 0.314888 0.079695 0.175838
11 0.180491 0.317603 0.058289 0.109795
4 0.747459 0.406721 0.101582 0.147434
11 0.636492 0.421070 0.062211 0.099918
11 0.843214 0.525055 0.079040 0.093249
2 0.638010 0.606788 0.093635 0.137001
1 0.157976 0.605488 0.114164 0.163926
0 0.860847 0.671999 0.164552 0.167511
5 0.730955 0.712057 0.067761 0.075262
7 0.464673 0.678272 0.076899 0.147640
5 0.287077 0.702392 0.048609 0.073898