8 0.845545 0.213090 0.121640 0.107157
9 0.660178 0.219797 0.084202 0.112358
6 0.560795 0.216200 0.077413 0.131700
9 0.356898 0.208479 0.076589 0.110058
8 0.168231 0.206516 0.114375 0.106489
11 0.820996 0.291759 0.069883 0.072492
11 0.742872 0.287551 0.061061 0.071946
11 0.656912 0.289737 0.055422 0.072116
7 0.344024 0.300870 0.087101 0.141924
11 0.269897 0.286382 0.058182 0.071535
11 0.170880 0.300025 0.068442 0.072985
11 0.553252 0.370224 0.048106 0.079469
10 0.346345 0.409105 0.069267 0.117962
5 0.544385 0.466090 0.048271 0.088874
11 0.472006 0.478985 0.045049 0.088694
3 0.643598 0.607505 0.080381 0.186688
4 0.649127 0.684030 0.068387 0.181129
5 0.375468 0.669333 0.051605 0.107824
5 0.818282 0.762847 0.068860 0.115570
5 0.731055 0.751225 0.061720 0.116288
5 0.638358 0.764754 0.054462 0.115652
5 0.260717 0.764137 0.059922 0.115319
5 0.185464 0.767236 0.066247 0.115674
2 0.826660 0.898729 0.111167 0.200724
3 0.646331 0.887827 0.084123 0.222528
0 0.541357 0.896606 0.077300 0.204969
1 0.454081 0.882946 0.071950 0.232290
2 0.153706 0.891146 0.112081 0.205444