6 0.738509 0.207926 0.103394 0.129934
7 0.337268 0.212826 0.102641 0.127056
8 0.145632 0.222412 0.130214 0.112815
11 0.817530 0.298538 0.061803 0.072981
11 0.623401 0.284395 0.045758 0.071791
11 0.255019 0.291410 0.066003 0.073992
11 0.729555 0.379763 0.052815 0.080045
10 0.643976 0.405810 0.055374 0.135745
11 0.436101 0.371587 0.053398 0.080111
5 0.359627 0.376489 0.057859 0.080926
10 0.251599 0.384408 0.103805 0.120134
11 0.542739 0.456918 0.047746 0.087406
5 0.548453 0.576557 0.048379 0.099221
5 0.376820 0.559758 0.058172 0.097952
5 0.259776 0.552021 0.066282 0.097609
5 0.805316 0.684712 0.059427 0.109190
2 0.531039 0.706609 0.065761 0.176839
4 0.330861 0.692258 0.087638 0.173499
0 0.849697 0.829279 0.130370 0.274690
5 0.742566 0.757801 0.055040 0.116169
5 0.624991 0.757772 0.046818 0.114357
4 0.438675 0.793388 0.063753 0.196117
1 0.351570 0.841787 0.101843 0.261715