6 0.724791 0.111236 0.094878 0.222471
9 0.633794 0.112742 0.081867 0.225483
8 0.534782 0.100724 0.085074 0.201448
8 0.131904 0.115182 0.136460 0.208561
11 0.829378 0.227262 0.052504 0.119047
11 0.728385 0.222657 0.049287 0.117770
11 0.635767 0.224025 0.053695 0.118357
7 0.343001 0.189014 0.122949 0.255391
9 0.231756 0.183924 0.127690 0.230383
11 0.445178 0.332913 0.062734 0.109401
10 0.236710 0.301573 0.106704 0.183944
11 0.540033 0.437855 0.057562 0.098822
5 0.459258 0.427028 0.061602 0.100649
11 0.160313 0.413233 0.083336 0.103962
5 0.730018 0.524959 0.048690 0.091252
5 0.801578 0.623579 0.049467 0.082259
4 0.744713 0.601774 0.069211 0.120064
3 0.555060 0.597789 0.080728 0.147380
5 0.263520 0.612620 0.073142 0.086239
11 0.171056 0.623182 0.083118 0.086857
3 0.723568 0.682053 0.074486 0.130553
5 0.643912 0.711430 0.050908 0.075409
1 0.443672 0.694508 0.098592 0.146910
5 0.354663 0.722660 0.066520 0.075737
0 0.725685 0.780482 0.089047 0.135335
2 0.435765 0.798312 0.092144 0.111688
2 0.156347 0.803141 0.142528 0.118433