6 0.743843 0.105598 0.118224 0.211196
8 0.645466 0.097398 0.078846 0.194797
7 0.436980 0.111341 0.075119 0.222683
9 0.344548 0.098562 0.080874 0.197123
8 0.167854 0.126355 0.109827 0.197150
11 0.732178 0.227825 0.060661 0.113880
11 0.258596 0.236821 0.060381 0.112673
11 0.176845 0.239060 0.066764 0.112382
11 0.816090 0.335197 0.066976 0.105121
10 0.636216 0.292110 0.068271 0.175843
11 0.462484 0.331010 0.046970 0.105548
10 0.354059 0.311176 0.074466 0.167897
11 0.542224 0.418849 0.046704 0.097060
11 0.373592 0.438687 0.051869 0.094722
5 0.730461 0.534139 0.058957 0.085682
5 0.558378 0.532422 0.048186 0.085837
5 0.441624 0.517883 0.046946 0.087433
5 0.349033 0.533858 0.054064 0.085637
5 0.356893 0.610037 0.052300 0.078839
5 0.171439 0.619845 0.068821 0.077761
5 0.824668 0.702598 0.068886 0.070576
4 0.662272 0.692488 0.067117 0.104717
3 0.549822 0.696634 0.065824 0.124288
0 0.750950 0.782492 0.119927 0.128343
2 0.630486 0.792834 0.078944 0.103282
1 0.457250 0.802305 0.069132 0.117872
3 0.340908 0.784641 0.080280 0.106729
2 0.152746 0.795550 0.117993 0.102738