9 0.462110 0.103417 0.065808 0.206833
11 0.723647 0.238729 0.063252 0.112629
9 0.647125 0.188534 0.086594 0.218652
3 0.447176 0.301144 0.065900 0.195520
11 0.168467 0.327076 0.063353 0.103380
6 0.840676 0.381842 0.146337 0.217586
11 0.639447 0.439528 0.056427 0.093627
11 0.350615 0.529478 0.049940 0.086671
4 0.846309 0.587216 0.109957 0.127109
5 0.353514 0.638166 0.048757 0.076801
5 0.184271 0.618134 0.063674 0.078775
5 0.740608 0.716820 0.062679 0.069912
5 0.285406 0.699985 0.053244 0.070602
0 0.652828 0.783190 0.103967 0.128470