8 0.429530 0.294592 0.089123 0.135375
11 0.170664 0.279648 0.085153 0.084595
11 0.618421 0.386292 0.049678 0.092020
2 0.347970 0.418112 0.104858 0.157011
11 0.828010 0.498339 0.057974 0.102261
6 0.739196 0.550397 0.093670 0.238038
9 0.525322 0.522381 0.082143 0.192732
11 0.344341 0.483649 0.068935 0.102296
3 0.343399 0.598544 0.108326 0.211362
5 0.815691 0.680761 0.057108 0.121628
5 0.710207 0.660204 0.047074 0.119301
0 0.647051 0.740019 0.085301 0.285554
5 0.349657 0.762568 0.069978 0.130228
5 0.168962 0.769518 0.084530 0.133009