9 0.165056 0.107056 0.098139 0.214112
6 0.570785 0.148969 0.112767 0.297939
11 0.822075 0.321299 0.084052 0.124596
11 0.550196 0.318017 0.061589 0.124471
10 0.467017 0.296871 0.074632 0.193255
11 0.751272 0.419670 0.078233 0.116257
5 0.558018 0.503049 0.061489 0.106241
11 0.277490 0.505079 0.048139 0.105301
0 0.571738 0.557756 0.108359 0.217463
4 0.455822 0.589522 0.071419 0.137606
5 0.823139 0.700693 0.085953 0.089138
5 0.734138 0.699153 0.074859 0.087947
3 0.563777 0.670522 0.091451 0.159023
5 0.269451 0.704784 0.049437 0.085818