6 0.772246 0.206074 0.134838 0.114411
7 0.475687 0.195037 0.077179 0.097126
8 0.176627 0.188274 0.087379 0.087102
11 0.824381 0.273372 0.073404 0.064297
11 0.717939 0.282075 0.063997 0.063589
11 0.657541 0.286198 0.059316 0.062082
8 0.559530 0.288047 0.079735 0.100626
9 0.267532 0.286259 0.073878 0.097473
10 0.649771 0.372777 0.089354 0.097021
11 0.461601 0.471287 0.051900 0.076063
11 0.550704 0.564445 0.056794 0.083563
1 0.459532 0.602678 0.082539 0.166851
11 0.268687 0.562998 0.047696 0.082277
5 0.179704 0.555417 0.052635 0.081918
4 0.564635 0.670692 0.079327 0.135892
3 0.258134 0.689257 0.076205 0.163798
5 0.822422 0.763722 0.071970 0.101279
5 0.740503 0.757388 0.066517 0.100041
5 0.640466 0.753892 0.061822 0.099151
5 0.274887 0.765433 0.048519 0.098389
0 0.767543 0.883470 0.133725 0.231243
2 0.551031 0.853382 0.080817 0.170633
2 0.369532 0.870796 0.078243 0.172832