8 0.258607 0.206691 0.091899 0.088447
8 0.161256 0.201864 0.108733 0.088015
11 0.719917 0.299543 0.055671 0.061527
6 0.651442 0.296344 0.093457 0.122172
7 0.549150 0.303297 0.071162 0.116804
10 0.457583 0.293034 0.049722 0.088588
9 0.356135 0.295069 0.072411 0.101047
11 0.719638 0.383541 0.056346 0.069317
10 0.651682 0.380752 0.063860 0.099925
11 0.547452 0.371053 0.046620 0.066867
11 0.379536 0.372546 0.048440 0.066923
11 0.268778 0.377065 0.054052 0.067244
11 0.643749 0.468972 0.052054 0.074800
11 0.457388 0.473638 0.044706 0.075071
5 0.354423 0.467990 0.049699 0.074571
11 0.176389 0.487426 0.063893 0.076207
5 0.836921 0.574222 0.066240 0.083942
5 0.643671 0.564325 0.052182 0.082878
5 0.462785 0.546288 0.045221 0.081214
5 0.276464 0.565763 0.054461 0.082829
5 0.173795 0.551292 0.063651 0.081606
5 0.721839 0.678215 0.057546 0.093145
3 0.652390 0.705470 0.078844 0.173477
5 0.546103 0.666605 0.047742 0.091949
0 0.750153 0.802202 0.115062 0.225936
3 0.464442 0.800351 0.064867 0.189705
1 0.353623 0.801428 0.079714 0.214643
4 0.164101 0.793766 0.090351 0.147334
2 0.266711 0.873745 0.088073 0.176404
2 0.163943 0.871185 0.103732 0.176032