6 0.737595 0.212476 0.092159 0.139505
8 0.638206 0.214972 0.077292 0.115879
8 0.140328 0.195344 0.151795 0.124478
9 0.728807 0.308811 0.077362 0.135022
10 0.524942 0.311579 0.080977 0.116705
7 0.420121 0.308545 0.108944 0.155547
11 0.351959 0.291745 0.070252 0.080753
11 0.263436 0.290651 0.078159 0.082180
11 0.823823 0.370802 0.049691 0.084680
10 0.633298 0.413315 0.063664 0.127291
11 0.441771 0.368900 0.065404 0.086426
11 0.158654 0.393052 0.088383 0.092005
11 0.617967 0.477751 0.055810 0.094702
5 0.448340 0.470863 0.065309 0.095807
4 0.833728 0.609295 0.068681 0.173127
5 0.633051 0.578766 0.055599 0.104325
11 0.556440 0.563989 0.060137 0.103552
5 0.344727 0.578132 0.073223 0.105957
3 0.534736 0.692836 0.094995 0.209509
5 0.819477 0.747929 0.050319 0.119220
5 0.743065 0.746477 0.051814 0.119501
4 0.515167 0.796310 0.084200 0.199297
5 0.245713 0.751247 0.081330 0.121597
5 0.169755 0.769657 0.087622 0.124963
0 0.722556 0.891392 0.102706 0.215398
2 0.649689 0.873783 0.086693 0.208426
1 0.431818 0.891248 0.121321 0.215687
2 0.167785 0.878754 0.137830 0.214467