8 0.846933 0.200332 0.125761 0.104628
6 0.551544 0.199306 0.084444 0.122142
7 0.453040 0.227211 0.069474 0.120546
9 0.353284 0.196951 0.067512 0.100157
10 0.256500 0.188652 0.085330 0.083715
8 0.166018 0.203059 0.104199 0.101771
11 0.812457 0.285625 0.072038 0.070214
11 0.750646 0.285996 0.065669 0.069844
11 0.642212 0.288266 0.057134 0.069520
9 0.540805 0.302357 0.072187 0.120142
11 0.264377 0.271127 0.052276 0.066970
11 0.171936 0.272620 0.062776 0.067275
10 0.654984 0.392225 0.085036 0.118992
11 0.453617 0.381252 0.047623 0.077775
11 0.566310 0.478263 0.052803 0.086325
5 0.462292 0.472734 0.048380 0.085502
11 0.365351 0.471460 0.045985 0.085064
5 0.548097 0.561944 0.053017 0.093395
4 0.357114 0.681523 0.061608 0.152118
5 0.819450 0.768867 0.070653 0.113265
5 0.745599 0.760639 0.065983 0.112052
5 0.645982 0.752191 0.059856 0.110730
3 0.449546 0.795257 0.067162 0.211777
5 0.362670 0.767361 0.047134 0.111482
5 0.249815 0.762243 0.054678 0.110597
5 0.189446 0.764278 0.059499 0.110718
2 0.833037 0.889671 0.116102 0.198896
4 0.752831 0.898663 0.096523 0.200857
3 0.654992 0.895129 0.090990 0.207924
0 0.574133 0.887704 0.091073 0.222774
1 0.459191 0.893626 0.074934 0.210930
2 0.173068 0.893258 0.099738 0.196188