8 0.628708 0.108782 0.084967 0.193173
8 0.560013 0.125263 0.076340 0.189534
11 0.173955 0.250432 0.058761 0.106848
6 0.758505 0.281078 0.131973 0.233294
5 0.447798 0.355065 0.048175 0.098638
11 0.836549 0.424211 0.073826 0.093703
11 0.734933 0.416222 0.064574 0.093761
11 0.280603 0.437069 0.049645 0.091450
7 0.762163 0.482296 0.122970 0.178550
5 0.559257 0.509736 0.053694 0.085328
5 0.471607 0.540117 0.049532 0.082075
11 0.380620 0.544995 0.046392 0.081319
1 0.570813 0.586696 0.085417 0.154138
10 0.459981 0.607412 0.066591 0.108911
5 0.172121 0.617011 0.059680 0.075663
3 0.830519 0.696569 0.122570 0.121690
5 0.739220 0.710120 0.064987 0.069254
2 0.551716 0.701383 0.073919 0.112198
0 0.758056 0.795656 0.131562 0.124068
2 0.650947 0.798025 0.092367 0.101386