8 0.353841 0.198774 0.098401 0.101280
11 0.721443 0.372280 0.047318 0.073183
6 0.635608 0.404679 0.085857 0.155551
11 0.839401 0.470507 0.055333 0.081571
11 0.625971 0.468501 0.049786 0.081611
2 0.524309 0.496349 0.074551 0.135656
11 0.266062 0.486836 0.068172 0.085781
5 0.817196 0.559889 0.052245 0.089282
0 0.448225 0.606968 0.097230 0.200819
10 0.158696 0.589335 0.111942 0.137895
5 0.724873 0.650562 0.047130 0.095999
4 0.554089 0.688660 0.072134 0.142074
5 0.630714 0.746587 0.051673 0.105870
5 0.281848 0.745404 0.068754 0.106191