8 0.845731 0.197984 0.132179 0.111770
10 0.737365 0.196602 0.098879 0.106694
6 0.556041 0.207841 0.089963 0.132688
7 0.444069 0.196941 0.072236 0.122730
9 0.361605 0.199243 0.065686 0.108435
8 0.167196 0.205620 0.102562 0.107999
11 0.819341 0.300615 0.075547 0.076466
9 0.765674 0.311278 0.115760 0.134182
11 0.643256 0.274075 0.058918 0.072438
11 0.531474 0.279633 0.051997 0.072431
11 0.459787 0.293092 0.048626 0.073512
11 0.276226 0.281816 0.051032 0.073018
11 0.167213 0.283674 0.062709 0.073258
11 0.741093 0.395046 0.067120 0.084300
10 0.354634 0.382518 0.067638 0.115048
5 0.559798 0.559602 0.055892 0.098428
4 0.452212 0.586615 0.053711 0.145116
3 0.549578 0.690914 0.081239 0.202440
4 0.352221 0.699688 0.058016 0.181425
5 0.825730 0.759779 0.074671 0.117593
5 0.750640 0.743041 0.069165 0.115130
5 0.636890 0.768518 0.061255 0.117570
5 0.361031 0.761833 0.046866 0.115427
5 0.261929 0.762304 0.053266 0.117311
5 0.166680 0.759201 0.061684 0.116656
2 0.864483 0.887759 0.127189 0.206495
3 0.650516 0.885329 0.095924 0.227524
0 0.559041 0.882027 0.094509 0.234128
1 0.469666 0.892350 0.081067 0.213482
2 0.155318 0.879604 0.101775 0.204327