6 0.739778 0.105446 0.106702 0.210892
8 0.633864 0.121343 0.072336 0.170337
7 0.449276 0.102801 0.074462 0.205602
8 0.362053 0.136738 0.077748 0.168507
11 0.736156 0.244971 0.054496 0.094727
11 0.638471 0.250528 0.050196 0.094338
9 0.533248 0.205993 0.063934 0.179990
9 0.468567 0.232744 0.066096 0.175790
11 0.817621 0.340471 0.060884 0.086630
10 0.625167 0.305415 0.064113 0.133346
11 0.540526 0.338415 0.044917 0.086958
11 0.468877 0.351938 0.046531 0.085900
10 0.342337 0.315627 0.075473 0.139713
11 0.164805 0.352156 0.066155 0.086284
11 0.275406 0.429239 0.056563 0.079863
5 0.642099 0.541207 0.048538 0.070893
5 0.550996 0.525556 0.044610 0.072128
4 0.454927 0.514886 0.064789 0.102759
3 0.545571 0.612062 0.062737 0.111071
4 0.348017 0.609816 0.067412 0.107538
5 0.178460 0.614608 0.064456 0.066006
5 0.829185 0.716778 0.063420 0.057241
5 0.734612 0.703213 0.054076 0.058097
3 0.526441 0.700878 0.061826 0.095746
1 0.441305 0.706250 0.071633 0.108443
5 0.353840 0.720952 0.051057 0.057148
5 0.268122 0.724901 0.057220 0.057011
0 0.742440 0.800664 0.106109 0.099197
2 0.645034 0.808734 0.074434 0.082163
2 0.439334 0.810480 0.065516 0.082055