8 0.844883 0.114257 0.123964 0.213248
9 0.640773 0.101756 0.094628 0.203512
6 0.540647 0.100071 0.089574 0.200142
8 0.359489 0.115754 0.069305 0.211547
11 0.843709 0.232749 0.076341 0.122321
11 0.743608 0.228997 0.069514 0.122387
11 0.645390 0.230177 0.061166 0.121705
9 0.272441 0.192423 0.085635 0.233664
5 0.455960 0.326730 0.048535 0.112706
11 0.263889 0.319156 0.055331 0.112965
11 0.164195 0.323467 0.064195 0.112138
10 0.459191 0.395260 0.058451 0.170337
11 0.351866 0.438645 0.049012 0.101948
5 0.190690 0.428628 0.061740 0.102711
3 0.642883 0.481758 0.090539 0.179238
5 0.821400 0.609657 0.074998 0.086551
4 0.659929 0.600552 0.079868 0.121869
5 0.739496 0.692878 0.066459 0.079197
5 0.630887 0.708449 0.058066 0.076913
5 0.357197 0.721708 0.047620 0.074446
5 0.263730 0.726220 0.054621 0.074939
0 0.764528 0.787563 0.138530 0.141040
2 0.471605 0.784874 0.064672 0.113638
2 0.169691 0.781710 0.107621 0.114266