6 0.738246 0.223379 0.097756 0.161194
8 0.634608 0.209480 0.068187 0.124117
7 0.461406 0.218511 0.091121 0.150032
9 0.351181 0.237433 0.103550 0.140855
10 0.248833 0.209483 0.114471 0.121420
8 0.144872 0.219203 0.146031 0.131256
11 0.836189 0.293028 0.062799 0.084732
9 0.739810 0.317831 0.081483 0.153597
11 0.632851 0.289868 0.046672 0.083774
11 0.362702 0.301443 0.064949 0.085967
11 0.253289 0.282147 0.073957 0.084476
11 0.167006 0.284857 0.084834 0.085994
11 0.729905 0.380727 0.051225 0.092468
11 0.431091 0.377140 0.059941 0.093956
10 0.845171 0.511066 0.091890 0.155152
11 0.536098 0.487371 0.052461 0.103310
5 0.452865 0.477933 0.059503 0.102790
5 0.536857 0.561267 0.053638 0.111969
5 0.356263 0.592589 0.067147 0.115946
5 0.625181 0.684223 0.047868 0.122802
3 0.539670 0.713178 0.079086 0.237312
4 0.336561 0.710790 0.084172 0.186378
5 0.812825 0.758106 0.057943 0.129963
5 0.722429 0.774960 0.050591 0.133168
1 0.440111 0.847947 0.104230 0.302288
5 0.253134 0.774723 0.076923 0.134515
5 0.170374 0.757372 0.084359 0.132757
2 0.834790 0.882598 0.099210 0.228127
4 0.718866 0.895918 0.060769 0.206346
3 0.612176 0.900619 0.071046 0.196943
0 0.532108 0.888643 0.092608 0.220896
2 0.142777 0.898240 0.137195 0.201703