6 0.742572 0.107985 0.094306 0.215970
8 0.639805 0.118896 0.070806 0.172080
7 0.454851 0.109023 0.086644 0.218047
9 0.357594 0.098670 0.088190 0.197341
10 0.236825 0.140938 0.092542 0.156549
8 0.161501 0.122958 0.113956 0.175418
11 0.819258 0.256427 0.055995 0.095250
11 0.739249 0.232609 0.049174 0.097182
11 0.631100 0.254336 0.047573 0.095615
11 0.279837 0.254519 0.062973 0.096980
11 0.176209 0.247198 0.069262 0.098157
10 0.654397 0.319893 0.059398 0.126329
11 0.524572 0.361125 0.051038 0.087294
11 0.361654 0.428569 0.057355 0.082629
5 0.443887 0.515090 0.052971 0.075774
11 0.354417 0.526703 0.057413 0.075332
9 0.251123 0.509803 0.101850 0.132876
4 0.628815 0.603846 0.053234 0.108872
5 0.542129 0.619126 0.048793 0.066713
3 0.448063 0.629083 0.074057 0.110546
4 0.347481 0.599348 0.073990 0.112577
5 0.821464 0.720031 0.056185 0.058866
5 0.720970 0.719386 0.046676 0.058578
5 0.639581 0.724836 0.045980 0.058364
5 0.272703 0.717571 0.061017 0.060180
5 0.164597 0.716376 0.072082 0.062443
0 0.755135 0.813511 0.096125 0.099382
2 0.619855 0.801161 0.067052 0.085047
1 0.443502 0.810406 0.078040 0.093443
3 0.355842 0.826518 0.085493 0.082304
2 0.168190 0.801585 0.117152 0.090685