11 0.825398 0.233371 0.071741 0.121416
11 0.739458 0.240484 0.064393 0.122733
6 0.648927 0.278778 0.101663 0.265251
11 0.169550 0.335140 0.068541 0.111587
11 0.374889 0.422873 0.052167 0.104057
5 0.743787 0.508942 0.063582 0.094996
2 0.550193 0.502758 0.066815 0.155990
11 0.358452 0.537952 0.053307 0.092676
5 0.156044 0.516757 0.070781 0.095294
5 0.811907 0.619856 0.070603 0.084419
5 0.363560 0.613581 0.052683 0.084798
5 0.726662 0.703104 0.061876 0.077036
8 0.174807 0.693496 0.115433 0.127814
0 0.671730 0.766792 0.105763 0.144544