10 0.555593 0.104708 0.069998 0.205301
9 0.380472 0.099658 0.069176 0.199316
2 0.176028 0.109054 0.093283 0.199101
11 0.738432 0.226298 0.070367 0.115650
11 0.649844 0.241505 0.062929 0.113153
10 0.464609 0.212284 0.062157 0.186329
6 0.363607 0.175054 0.082989 0.258771
9 0.269707 0.288221 0.075439 0.196889
5 0.452739 0.429436 0.051577 0.095387
11 0.730731 0.521098 0.066923 0.089205
5 0.376978 0.524621 0.047225 0.086745
5 0.731895 0.629801 0.066172 0.078490
5 0.551820 0.601839 0.055304 0.080006
2 0.276554 0.592877 0.077491 0.131809
5 0.828040 0.712984 0.077040 0.073198
3 0.765307 0.684527 0.115961 0.129888
0 0.766963 0.779664 0.139997 0.133946