8 0.163904 0.230026 0.125416 0.117920
7 0.836934 0.315888 0.129235 0.157439
9 0.449619 0.320459 0.072197 0.141509
11 0.356014 0.288835 0.057470 0.077244
6 0.236643 0.322490 0.133698 0.167996
11 0.626293 0.389669 0.050178 0.086076
11 0.359425 0.386053 0.057655 0.086180
9 0.267076 0.408705 0.104983 0.160414
11 0.733381 0.482601 0.057724 0.095951
10 0.749494 0.596180 0.084877 0.156504
5 0.540172 0.555186 0.046153 0.102159
4 0.426656 0.601785 0.071318 0.168200
5 0.250158 0.557825 0.066130 0.103192
1 0.852976 0.737629 0.132430 0.254367
5 0.834232 0.767197 0.067146 0.123853
5 0.728102 0.765685 0.058340 0.123837
5 0.632271 0.766959 0.050302 0.124186
3 0.460102 0.819658 0.075148 0.241932
4 0.333460 0.814185 0.083333 0.208094
0 0.743325 0.896936 0.115304 0.204311
2 0.544764 0.895079 0.062832 0.208025