8 0.849949 0.214147 0.140837 0.121429
6 0.571019 0.219534 0.104150 0.144859
7 0.458316 0.226876 0.081106 0.135565
8 0.161428 0.215241 0.096058 0.115049
11 0.845960 0.307489 0.084810 0.082012
11 0.729875 0.292345 0.071439 0.079905
11 0.641114 0.284539 0.064451 0.078169
11 0.262745 0.293687 0.047445 0.077693
11 0.166881 0.295846 0.057440 0.077876
10 0.672334 0.390548 0.092027 0.124631
9 0.544141 0.404279 0.086731 0.156360
9 0.468010 0.425432 0.079453 0.159657
10 0.367343 0.412839 0.065330 0.130434
11 0.464463 0.471314 0.054737 0.094709
3 0.263834 0.514875 0.074974 0.175194
4 0.633101 0.687938 0.084194 0.164768
5 0.542396 0.655555 0.060393 0.112083
4 0.377880 0.683034 0.056764 0.162264
5 0.288724 0.679637 0.047112 0.113041
5 0.827377 0.774732 0.080317 0.122978
5 0.727839 0.760191 0.073340 0.122528
5 0.650397 0.765904 0.068126 0.122561
5 0.192401 0.771133 0.053945 0.121870
0 0.761444 0.883732 0.150346 0.230718
2 0.648907 0.899305 0.097775 0.199572
1 0.468492 0.891498 0.092821 0.215186
3 0.362783 0.886407 0.073156 0.225367
2 0.144383 0.877926 0.095943 0.210482