6 0.736393 0.183077 0.104448 0.104055
8 0.647328 0.204202 0.073764 0.090226
8 0.166223 0.189457 0.114983 0.090261
11 0.629156 0.279067 0.046960 0.060525
9 0.450054 0.283831 0.067363 0.100875
11 0.185395 0.275245 0.066572 0.061067
11 0.722467 0.380545 0.052419 0.069480
11 0.456303 0.381088 0.048107 0.068458
9 0.535376 0.505604 0.063364 0.138886
5 0.439629 0.467940 0.048749 0.075440
11 0.353101 0.484329 0.054123 0.076973
4 0.252335 0.501847 0.093008 0.122561
7 0.840497 0.621604 0.117586 0.177712
11 0.640134 0.560502 0.049113 0.083038
5 0.549737 0.557288 0.045439 0.082841
5 0.355307 0.568387 0.053885 0.084092
1 0.633765 0.705425 0.074202 0.194648
5 0.176368 0.672441 0.066610 0.093791
5 0.642575 0.742575 0.049661 0.099508
3 0.535426 0.796923 0.064675 0.189846
0 0.735455 0.899091 0.103079 0.199999
2 0.557584 0.878254 0.062076 0.177749
3 0.360133 0.883492 0.080078 0.205931
2 0.277358 0.872582 0.091612 0.177912