8 0.835212 0.203768 0.106851 0.103649
9 0.634476 0.197997 0.066657 0.103282
6 0.530192 0.193985 0.071258 0.122422
8 0.175043 0.216884 0.122380 0.107580
11 0.812275 0.282890 0.061382 0.069326
11 0.722638 0.281281 0.052916 0.069184
11 0.638110 0.283627 0.046948 0.069538
11 0.546888 0.279604 0.045910 0.069347
11 0.281942 0.290286 0.062028 0.071316
11 0.360879 0.371500 0.057551 0.077773
10 0.231676 0.405451 0.099031 0.131087
11 0.182217 0.459232 0.071863 0.086143
5 0.525542 0.583695 0.047703 0.096473
5 0.453578 0.570516 0.052759 0.095315
5 0.153315 0.587954 0.074875 0.098523
7 0.841383 0.707772 0.120443 0.224948
5 0.714765 0.671264 0.052913 0.103916
4 0.353724 0.705052 0.077019 0.173967
1 0.243884 0.722996 0.119906 0.230057
5 0.831077 0.741592 0.063103 0.111860
5 0.628868 0.765617 0.047734 0.113038
5 0.252155 0.759562 0.066248 0.113656
2 0.822187 0.872221 0.100860 0.195557
0 0.555406 0.886420 0.073441 0.225342
3 0.348235 0.894479 0.090498 0.209225
2 0.158453 0.884359 0.119023 0.201562