6 0.747915 0.114659 0.130654 0.229317
9 0.655494 0.105919 0.092696 0.211838
2 0.361101 0.101690 0.068542 0.203381
11 0.814491 0.254078 0.072381 0.114362
11 0.739873 0.233235 0.066975 0.116566
11 0.656530 0.232397 0.060262 0.116274
11 0.271810 0.230068 0.053392 0.115281
11 0.459079 0.339587 0.048070 0.106912
1 0.369612 0.378766 0.072053 0.211547
11 0.193950 0.437941 0.059927 0.096659
8 0.532446 0.501768 0.071431 0.147241
5 0.159451 0.524429 0.063723 0.088665
5 0.737187 0.622128 0.065177 0.081172
3 0.570958 0.580251 0.077974 0.150059
5 0.830695 0.707933 0.075665 0.074248
0 0.756765 0.693545 0.131676 0.152441
5 0.629520 0.713076 0.056859 0.072611
5 0.271180 0.709149 0.053360 0.072073
7 0.456902 0.786846 0.070457 0.124604