8 0.450923 0.309799 0.068926 0.116983
11 0.263820 0.288148 0.062680 0.070323
11 0.157513 0.286051 0.074657 0.070627
11 0.546927 0.389088 0.044829 0.078300
2 0.255918 0.405645 0.103446 0.131492
11 0.826877 0.484245 0.063476 0.086370
9 0.641667 0.484270 0.070706 0.155793
11 0.455248 0.477621 0.049937 0.086230
6 0.129211 0.504033 0.154401 0.194610
3 0.841957 0.610533 0.108420 0.179032
11 0.749410 0.560505 0.057120 0.094721
5 0.642349 0.564586 0.048798 0.095322
5 0.468104 0.577471 0.049557 0.095348
11 0.345958 0.573938 0.057711 0.095300
5 0.738900 0.654876 0.056806 0.103599
5 0.340900 0.676248 0.058419 0.104959
5 0.167399 0.666615 0.071162 0.104389
0 0.435498 0.825567 0.085105 0.264526
5 0.361531 0.752324 0.057910 0.111681
2 0.531778 0.877539 0.063090 0.196474