11 0.830211 0.248308 0.070646 0.100486
8 0.534221 0.225311 0.075428 0.160875
11 0.170318 0.257410 0.055369 0.096932
11 0.730348 0.354618 0.064064 0.090825
6 0.565160 0.290106 0.092030 0.204411
11 0.284301 0.348657 0.046781 0.089300
2 0.448928 0.403505 0.070183 0.137930
11 0.367074 0.424390 0.047509 0.083387
5 0.631237 0.519317 0.057382 0.077131
5 0.632355 0.616559 0.058104 0.070069
5 0.290071 0.614136 0.046591 0.068896
5 0.821873 0.713145 0.072671 0.064944
0 0.642622 0.698180 0.105449 0.125053
5 0.376933 0.728662 0.047132 0.059963
5 0.173381 0.720795 0.055162 0.060543