8 0.842496 0.121038 0.129948 0.212791
9 0.669495 0.114186 0.106943 0.228371
6 0.452353 0.105465 0.090549 0.210931
8 0.345709 0.118217 0.072096 0.209115
11 0.843402 0.224746 0.081895 0.124601
11 0.730159 0.237791 0.071905 0.121800
11 0.632849 0.242635 0.065020 0.120394
11 0.284506 0.236307 0.048341 0.121050
11 0.184454 0.239888 0.055715 0.119939
11 0.553950 0.421887 0.058615 0.103752
5 0.539981 0.523958 0.056861 0.093318
10 0.466649 0.499128 0.071104 0.139118
5 0.736810 0.618365 0.070388 0.085848
3 0.569645 0.585194 0.087681 0.157672
4 0.151339 0.580919 0.088774 0.129000
5 0.818458 0.717728 0.080362 0.078983
5 0.657038 0.719208 0.064882 0.077031
10 0.268607 0.704619 0.067824 0.111608
5 0.182906 0.707480 0.056890 0.076919
2 0.850804 0.794271 0.139748 0.119143
0 0.646641 0.767367 0.120184 0.149381
3 0.447316 0.802633 0.071287 0.113990
2 0.165382 0.787197 0.097953 0.114739