11 0.638321 0.275897 0.048569 0.073792
11 0.274901 0.297284 0.063891 0.077395
11 0.178941 0.295154 0.075143 0.077737
9 0.362965 0.417669 0.086860 0.157943
11 0.732834 0.478828 0.055331 0.092800
6 0.534031 0.533022 0.072769 0.214416
11 0.641954 0.554807 0.049867 0.100752
5 0.283749 0.579655 0.064301 0.103261
5 0.729998 0.678716 0.056387 0.112374
5 0.632311 0.678268 0.048791 0.112611
5 0.543538 0.661420 0.046927 0.110727
0 0.633859 0.849045 0.083129 0.292978
5 0.172438 0.767338 0.073818 0.121590
3 0.448517 0.902957 0.078780 0.192268