6 0.746970 0.233521 0.104186 0.142664
8 0.661833 0.203879 0.072271 0.112448
7 0.441949 0.210463 0.084533 0.133818
9 0.360435 0.200400 0.091864 0.118226
10 0.244684 0.214476 0.106713 0.101994
8 0.140379 0.197029 0.137349 0.115736
11 0.828073 0.300655 0.063448 0.077309
9 0.744237 0.310052 0.086528 0.136914
11 0.633230 0.288947 0.046786 0.076350
11 0.547996 0.287290 0.048616 0.076462
11 0.367919 0.281893 0.059128 0.076670
11 0.260780 0.274668 0.068531 0.076590
11 0.162855 0.283809 0.079457 0.078448
11 0.725530 0.395531 0.052867 0.086970
10 0.625970 0.391995 0.051547 0.141067
5 0.540967 0.569872 0.050016 0.104210
5 0.447579 0.556828 0.055761 0.103008
1 0.355980 0.639975 0.103976 0.230073
4 0.636131 0.692731 0.053563 0.165465
4 0.351266 0.712169 0.082901 0.191450
5 0.821275 0.754112 0.061459 0.120812
5 0.736995 0.776251 0.053668 0.121696
5 0.652467 0.771862 0.048141 0.121560
5 0.261865 0.774463 0.069482 0.123876
5 0.180633 0.775361 0.076771 0.124554
2 0.842248 0.898320 0.103440 0.201542
3 0.651911 0.885496 0.067791 0.227189
0 0.519423 0.886665 0.083856 0.224853
3 0.336199 0.895675 0.100770 0.206833
2 0.156691 0.891057 0.125468 0.216068