11 0.828488 0.283041 0.072011 0.079368
6 0.762116 0.344422 0.128424 0.186973
11 0.635564 0.291517 0.053528 0.080488
4 0.368759 0.323389 0.066090 0.122052
11 0.454775 0.500935 0.048458 0.101103
9 0.738575 0.616447 0.100205 0.211516
11 0.547159 0.585688 0.046788 0.109207
5 0.451429 0.567776 0.049537 0.108688
8 0.252840 0.613518 0.102701 0.182245
11 0.833498 0.663954 0.071533 0.118312
5 0.734469 0.667314 0.063001 0.118841
7 0.633926 0.750574 0.087493 0.271177
5 0.534178 0.677390 0.047288 0.118160
0 0.862546 0.851195 0.154009 0.295791
5 0.642306 0.768306 0.054867 0.129163
1 0.153474 0.851135 0.142429 0.295913
2 0.740815 0.889750 0.096911 0.218681