8 0.835758 0.199248 0.104977 0.089946
9 0.630433 0.194356 0.068044 0.086833
6 0.530046 0.191058 0.067508 0.104605
8 0.168342 0.187388 0.113682 0.089968
11 0.726353 0.295966 0.052096 0.061705
11 0.642373 0.284775 0.047609 0.060937
11 0.267778 0.290168 0.058376 0.061913
11 0.831219 0.380128 0.063496 0.068228
11 0.551398 0.378048 0.044639 0.069467
9 0.342807 0.389942 0.081980 0.120271
11 0.172158 0.369289 0.067780 0.069575
3 0.551188 0.495202 0.062949 0.137476
7 0.151120 0.504925 0.129419 0.158092
5 0.545557 0.568552 0.045703 0.083943
11 0.352070 0.585458 0.054512 0.085737
1 0.744343 0.683065 0.097637 0.190897
4 0.353662 0.681670 0.075160 0.133913
5 0.809934 0.756284 0.060783 0.100819
5 0.735709 0.761741 0.054575 0.101375
5 0.643679 0.752697 0.048586 0.100610
5 0.358135 0.763185 0.054905 0.102104
5 0.284755 0.748674 0.059560 0.100874
5 0.179796 0.745161 0.066050 0.100760
0 0.757292 0.897493 0.108921 0.203197
2 0.623567 0.857059 0.068433 0.174773
2 0.154181 0.870335 0.110878 0.178660