11 0.731011 0.281666 0.072487 0.083589
6 0.671855 0.349843 0.129975 0.191597
8 0.556425 0.312960 0.083895 0.137397
11 0.161706 0.283598 0.061631 0.081456
11 0.837880 0.381837 0.084481 0.093225
11 0.544422 0.374490 0.057751 0.090781
11 0.267530 0.373202 0.050599 0.090278
11 0.631619 0.478820 0.065507 0.102008
5 0.554291 0.468461 0.059479 0.099970
5 0.267682 0.567100 0.051204 0.109443
5 0.740855 0.665463 0.074839 0.120641
1 0.349332 0.753543 0.075862 0.270650
5 0.171327 0.663775 0.059255 0.118189
5 0.828505 0.780755 0.082657 0.133083
5 0.624232 0.770410 0.066300 0.129796
7 0.580697 0.837083 0.105856 0.290185
0 0.766858 0.888485 0.153614 0.221213
2 0.561043 0.895348 0.086470 0.207486