6 0.722798 0.110540 0.103577 0.221081
11 0.626949 0.235609 0.056914 0.118149
8 0.426907 0.217232 0.097216 0.191024
11 0.174976 0.255637 0.086209 0.119492
11 0.728271 0.353863 0.051361 0.107505
9 0.531804 0.293240 0.093566 0.206317
11 0.259972 0.340122 0.079597 0.112738
11 0.837134 0.413165 0.050684 0.102290
5 0.532323 0.527602 0.059314 0.092050
11 0.357007 0.523594 0.070479 0.094642
5 0.824939 0.636380 0.050562 0.081994
5 0.179774 0.605271 0.085437 0.089340
5 0.733181 0.734253 0.049581 0.073621
5 0.262010 0.703705 0.077406 0.080806
0 0.727956 0.782039 0.092054 0.136626
2 0.528175 0.781512 0.081069 0.113322
4 0.444559 0.785233 0.086179 0.106485