6 0.757074 0.213633 0.138270 0.133550
8 0.653507 0.194972 0.096886 0.105008
8 0.475380 0.203672 0.068726 0.103300
11 0.817473 0.277736 0.075777 0.072141
11 0.729481 0.292064 0.066234 0.072457
11 0.622492 0.284184 0.059267 0.071019
11 0.167942 0.290257 0.058884 0.069976
2 0.660864 0.391888 0.096153 0.130685
11 0.264514 0.369441 0.048836 0.077229
10 0.465822 0.512863 0.057368 0.128662
7 0.655647 0.602957 0.104101 0.200762
5 0.834877 0.670932 0.075496 0.106715
1 0.653297 0.719975 0.105920 0.225135
5 0.182150 0.657763 0.056668 0.101636
5 0.730204 0.775703 0.069622 0.115679
5 0.623270 0.757672 0.060996 0.112756
2 0.563513 0.775317 0.080719 0.181593
3 0.253604 0.796257 0.079642 0.212183
3 0.156365 0.806298 0.098659 0.214090
0 0.739730 0.894848 0.132741 0.208486