6 0.750693 0.100064 0.119217 0.200128
8 0.553122 0.105975 0.062858 0.211950
8 0.160900 0.107135 0.119137 0.214270
11 0.822674 0.234804 0.067293 0.123447
11 0.737599 0.232231 0.060041 0.123948
11 0.261910 0.242210 0.065945 0.123528
11 0.164981 0.236335 0.074113 0.122184
7 0.834946 0.250761 0.129908 0.257556
9 0.559942 0.265896 0.067258 0.223888
10 0.350260 0.291397 0.071229 0.170769
11 0.459539 0.425254 0.050729 0.104595
3 0.342756 0.395611 0.088366 0.198396
5 0.177108 0.425004 0.072562 0.105254
5 0.545549 0.528560 0.046246 0.094524
5 0.438102 0.520520 0.051619 0.094082
11 0.339948 0.502503 0.058684 0.096580
5 0.366685 0.617455 0.056422 0.085293
5 0.836695 0.690867 0.070324 0.078526
5 0.736056 0.715332 0.057859 0.075634
1 0.647618 0.687341 0.083266 0.155901
3 0.351980 0.686205 0.085677 0.139903
0 0.754366 0.775655 0.117832 0.141608
2 0.566526 0.768873 0.063076 0.116408
2 0.152535 0.790907 0.128268 0.115382