8 0.557307 0.201972 0.070873 0.087016
8 0.446314 0.200779 0.060569 0.086289
6 0.255392 0.200819 0.100221 0.101390
11 0.636530 0.265162 0.052882 0.058144
9 0.453387 0.289958 0.063194 0.096939
11 0.377568 0.265937 0.045091 0.057658
5 0.260872 0.273709 0.050798 0.058060
11 0.167307 0.260827 0.060925 0.057444
11 0.827792 0.379178 0.068689 0.068041
11 0.733305 0.464610 0.059327 0.073710
11 0.439654 0.473836 0.045528 0.073579
5 0.454007 0.550227 0.046639 0.079463
7 0.265127 0.579757 0.090945 0.162066
5 0.723074 0.653747 0.059240 0.088467
1 0.661022 0.703792 0.092454 0.188937
5 0.532316 0.666167 0.049974 0.088935
3 0.442309 0.682257 0.064792 0.162305
10 0.350557 0.667916 0.060155 0.140285
5 0.812319 0.747038 0.065899 0.096652
5 0.712955 0.764263 0.058998 0.097730
4 0.451797 0.784561 0.053766 0.161804
0 0.738179 0.896289 0.117210 0.205605
2 0.551119 0.889628 0.069632 0.171711
2 0.162859 0.879968 0.097575 0.172016