6 0.766765 0.207886 0.154125 0.147054
8 0.459609 0.215054 0.074519 0.112813
7 0.362952 0.210526 0.076093 0.128333
8 0.265291 0.204589 0.075765 0.112167
11 0.727475 0.269648 0.072451 0.076846
9 0.566411 0.294757 0.089452 0.132987
11 0.821676 0.402362 0.081922 0.089237
10 0.657633 0.414767 0.092992 0.144068
11 0.558159 0.389294 0.060417 0.086067
11 0.449322 0.374467 0.054434 0.083607
10 0.344369 0.402072 0.070318 0.130042
11 0.546368 0.480311 0.060528 0.094481
11 0.367446 0.483949 0.050764 0.093408
11 0.174064 0.475698 0.053615 0.093138
5 0.553506 0.574893 0.061297 0.101854
5 0.439169 0.573535 0.055516 0.102602
11 0.276847 0.579270 0.046728 0.101907
5 0.185136 0.568849 0.052338 0.100380
5 0.827318 0.673334 0.081643 0.114351
4 0.752351 0.711445 0.110626 0.179442
4 0.654632 0.718445 0.090654 0.190194
3 0.559112 0.711612 0.096756 0.212617
5 0.365668 0.655059 0.051862 0.109727
5 0.719314 0.772515 0.074730 0.123140
5 0.652548 0.766309 0.069869 0.121665
1 0.570116 0.836771 0.108838 0.266987
5 0.271310 0.750387 0.047207 0.118416
0 0.776619 0.892823 0.156772 0.212537
2 0.563326 0.887762 0.089941 0.207832
2 0.166428 0.895757 0.089830 0.206668