6 0.758965 0.108898 0.127448 0.217796
8 0.665504 0.120167 0.085940 0.204498
7 0.466698 0.105075 0.071205 0.210151
8 0.149601 0.105647 0.111958 0.206969
11 0.817365 0.242822 0.069791 0.115650
9 0.749836 0.172693 0.103953 0.230598
11 0.640013 0.233289 0.055860 0.116574
11 0.540471 0.228207 0.049659 0.117106
10 0.453515 0.189850 0.059100 0.189546
11 0.262040 0.232092 0.058595 0.116326
11 0.183689 0.246937 0.064813 0.116650
11 0.720813 0.312027 0.061540 0.109030
11 0.366144 0.332658 0.050799 0.108128
9 0.656734 0.387506 0.085678 0.188798
11 0.435100 0.434212 0.046454 0.097748
10 0.552475 0.504743 0.061901 0.131467
5 0.451198 0.515174 0.045191 0.089948
5 0.353063 0.505988 0.051681 0.090948
5 0.723462 0.609090 0.060787 0.082646
4 0.630362 0.594293 0.073380 0.121537
5 0.554023 0.620658 0.049576 0.081130
5 0.254293 0.622958 0.058092 0.080622
5 0.827216 0.710547 0.072270 0.073124
3 0.743669 0.710809 0.101986 0.127476
5 0.657916 0.720109 0.056132 0.071764
3 0.267493 0.675586 0.092428 0.133269
5 0.174465 0.692799 0.067437 0.074368
0 0.757572 0.782750 0.127065 0.133965
2 0.643617 0.777106 0.085276 0.110568
1 0.460446 0.776293 0.068891 0.128347
4 0.252808 0.800788 0.092805 0.094250
2 0.151780 0.772879 0.116803 0.111037