8 0.150274 0.231147 0.144118 0.131102
6 0.336877 0.326045 0.129151 0.187008
11 0.259232 0.289544 0.073811 0.083746
11 0.653396 0.380094 0.046085 0.090328
9 0.519123 0.412591 0.080160 0.170292
11 0.355954 0.371548 0.066362 0.091655
11 0.820677 0.494308 0.058524 0.101189
10 0.344622 0.503248 0.092018 0.169416
11 0.178163 0.485787 0.082589 0.103469
5 0.842046 0.579732 0.060598 0.110767
5 0.546144 0.574403 0.053800 0.110077
5 0.176300 0.579948 0.082508 0.112246
5 0.640776 0.679225 0.047263 0.119600
4 0.536753 0.705528 0.064644 0.179430
4 0.346794 0.694646 0.089482 0.180117
5 0.732778 0.750575 0.050563 0.126792
5 0.361022 0.774455 0.068218 0.130858
0 0.523398 0.884112 0.094509 0.229958
2 0.141000 0.893427 0.136336 0.211328