6 0.762546 0.100905 0.138771 0.201811
8 0.653638 0.118403 0.093148 0.184470
8 0.172849 0.111215 0.087681 0.185611
11 0.834608 0.251812 0.075499 0.105554
11 0.737241 0.244025 0.069119 0.105411
11 0.648462 0.237439 0.064643 0.105422
9 0.546451 0.198359 0.087692 0.197748
10 0.449846 0.221231 0.074826 0.164153
11 0.269189 0.247997 0.047799 0.104036
11 0.187791 0.242226 0.051808 0.104424
11 0.548045 0.341558 0.058110 0.096779
10 0.371612 0.312867 0.074608 0.141804
7 0.259734 0.307334 0.085989 0.198542
9 0.648023 0.400554 0.094727 0.163031
5 0.556219 0.422715 0.057462 0.089475
11 0.438150 0.444095 0.052453 0.086936
11 0.371727 0.432851 0.050893 0.087693
5 0.640719 0.533607 0.061816 0.080716
5 0.464304 0.539002 0.053631 0.080579
3 0.536752 0.603913 0.080100 0.126635
5 0.360790 0.615477 0.049061 0.073718
5 0.831611 0.720672 0.077409 0.068385
5 0.718472 0.724523 0.065410 0.066433
3 0.551875 0.714073 0.079871 0.108599
1 0.446333 0.682168 0.079160 0.126915
5 0.264871 0.702661 0.046923 0.065485
5 0.178030 0.720337 0.052909 0.064383
0 0.757743 0.798015 0.137428 0.122155
2 0.654692 0.804847 0.098770 0.098355
4 0.546543 0.787442 0.065840 0.085167
4 0.280286 0.787301 0.061381 0.094062
2 0.184517 0.796707 0.086145 0.095653