6 0.759931 0.109410 0.147737 0.218820
8 0.470941 0.124406 0.087065 0.184529
10 0.284937 0.127301 0.071224 0.187333
8 0.166227 0.113860 0.086857 0.188276
11 0.828667 0.239734 0.080119 0.109941
9 0.751390 0.208049 0.120260 0.201707
11 0.645394 0.225898 0.068788 0.109105
11 0.560120 0.233832 0.063837 0.107424
11 0.280194 0.236265 0.053177 0.107075
11 0.174283 0.232107 0.051832 0.107209
11 0.717858 0.344174 0.072192 0.100741
10 0.656896 0.305852 0.096436 0.162764
9 0.561873 0.321667 0.096140 0.179825
7 0.280530 0.306931 0.093384 0.201557
5 0.270034 0.421606 0.051715 0.090038
3 0.651375 0.507720 0.103728 0.150644
3 0.369554 0.521700 0.078142 0.140877
4 0.660306 0.610498 0.094304 0.113672
5 0.561024 0.628758 0.060890 0.076200
4 0.355707 0.613631 0.070277 0.106157
1 0.170044 0.599862 0.094337 0.144835
5 0.829859 0.735431 0.082302 0.072271
5 0.732738 0.710178 0.071835 0.072094
5 0.643051 0.712522 0.065151 0.070644
5 0.182920 0.725225 0.051273 0.065997
2 0.843289 0.796204 0.137586 0.111208
0 0.554967 0.804030 0.104698 0.119944
2 0.354721 0.788332 0.074894 0.098924