9 0.546923 0.107030 0.070854 0.214060
1 0.156237 0.099863 0.137955 0.199725
11 0.715344 0.227330 0.063972 0.130026
6 0.552894 0.159457 0.079824 0.308850
7 0.330370 0.144206 0.095448 0.288412
11 0.823385 0.319019 0.071639 0.118845
11 0.626020 0.325917 0.055520 0.117725
11 0.458540 0.319532 0.046319 0.118559
11 0.537335 0.427468 0.048825 0.109297
5 0.435812 0.428366 0.048942 0.109119
10 0.358202 0.383435 0.071346 0.167863
11 0.191077 0.410779 0.068253 0.109552
5 0.817766 0.521655 0.071847 0.099786
5 0.744409 0.518309 0.064029 0.098451
5 0.543051 0.520492 0.048841 0.099780
3 0.361694 0.493934 0.079749 0.187998
11 0.267510 0.526276 0.062586 0.098866
5 0.629300 0.609733 0.055285 0.090763
3 0.546799 0.577758 0.069527 0.170235
5 0.274030 0.627243 0.060479 0.088243
5 0.177708 0.726511 0.072086 0.077990
0 0.755981 0.779289 0.129961 0.153097