8 0.833190 0.103579 0.107756 0.207157
10 0.757478 0.099740 0.083562 0.199480
9 0.649100 0.104772 0.075388 0.209543
6 0.548959 0.104926 0.073575 0.209853
7 0.454960 0.108475 0.078703 0.216951
9 0.370624 0.106039 0.084333 0.212079
10 0.236673 0.104268 0.094167 0.208536
8 0.157136 0.127734 0.117888 0.204235
11 0.843305 0.226795 0.067782 0.116886
11 0.736534 0.229814 0.058066 0.116617
11 0.635729 0.232664 0.051688 0.116442
11 0.359564 0.228835 0.056510 0.117400
11 0.273175 0.247471 0.062949 0.115232
11 0.546725 0.339289 0.046111 0.107538
11 0.176751 0.322698 0.071430 0.110379
11 0.454508 0.432020 0.050374 0.098341
5 0.536235 0.528000 0.046084 0.090286
5 0.444329 0.510106 0.049909 0.090869
5 0.817383 0.693742 0.066383 0.074312
5 0.718872 0.695275 0.055650 0.074146
5 0.656621 0.715905 0.051580 0.072023
4 0.453541 0.701682 0.060023 0.107067
5 0.358577 0.713113 0.054874 0.072758
5 0.270977 0.721882 0.061462 0.072018
5 0.170724 0.715934 0.072729 0.072969
2 0.832494 0.798005 0.113252 0.106907
4 0.756010 0.789774 0.090253 0.094854
3 0.651535 0.804656 0.075044 0.108799
0 0.529880 0.787213 0.069525 0.134270
1 0.436992 0.788558 0.076588 0.126522
3 0.349316 0.807766 0.085019 0.109078
2 0.163755 0.796036 0.123068 0.108900