6 0.840833 0.201325 0.129915 0.105424
8 0.627376 0.217008 0.073053 0.090730
8 0.557066 0.192103 0.061862 0.087796
9 0.757700 0.287230 0.092181 0.100325
11 0.178175 0.287385 0.066012 0.060937
11 0.821512 0.364020 0.062800 0.066336
5 0.742127 0.356107 0.054819 0.065687
9 0.633867 0.492456 0.070712 0.136083
11 0.437755 0.475961 0.047738 0.075434
11 0.355618 0.474493 0.052390 0.075390
11 0.276846 0.467123 0.056714 0.074854
4 0.834615 0.602350 0.099754 0.134236
5 0.628161 0.567204 0.048923 0.083068
10 0.550709 0.570857 0.059821 0.118330
5 0.543579 0.640964 0.046152 0.089680
4 0.242982 0.691407 0.082570 0.156503
7 0.161102 0.698127 0.125282 0.193867
5 0.743212 0.769452 0.056733 0.101545
1 0.350563 0.812868 0.085116 0.217573
5 0.158512 0.752861 0.067109 0.100460
2 0.854725 0.869330 0.107849 0.175836
0 0.752510 0.889310 0.111109 0.219562
2 0.548482 0.874857 0.062065 0.176704
3 0.261808 0.897532 0.093183 0.203118