8 0.848722 0.115885 0.122166 0.193010
9 0.664462 0.109687 0.097856 0.219374
6 0.461566 0.102856 0.086866 0.205712
8 0.364556 0.110580 0.070111 0.188446
11 0.816363 0.237027 0.072512 0.110349
11 0.740947 0.235585 0.068266 0.110059
11 0.648439 0.240831 0.062876 0.108954
11 0.289720 0.232497 0.047457 0.107884
11 0.167676 0.235998 0.057601 0.107243
5 0.549513 0.517900 0.054876 0.084533
11 0.455490 0.521888 0.050041 0.083652
5 0.742056 0.610060 0.066109 0.077425
4 0.159048 0.624818 0.089842 0.107113
5 0.837007 0.709630 0.076853 0.070115
5 0.645448 0.705841 0.058922 0.068557
10 0.264397 0.695687 0.075691 0.094796
5 0.162250 0.716144 0.058028 0.066281
2 0.857015 0.795460 0.129764 0.104854
0 0.660364 0.790860 0.113612 0.122928
3 0.452505 0.795637 0.068267 0.097332
2 0.178041 0.799967 0.094331 0.098733