6 0.856554 0.113268 0.146617 0.226536
8 0.359477 0.109180 0.080138 0.207717
11 0.749476 0.222441 0.062158 0.119418
8 0.648209 0.208037 0.079388 0.193832
11 0.262849 0.218811 0.063166 0.120212
11 0.812392 0.327314 0.067403 0.110124
2 0.467338 0.300138 0.063333 0.181355
11 0.175153 0.317132 0.068973 0.111843
4 0.840693 0.394538 0.105585 0.161846
5 0.729356 0.537763 0.059984 0.089423
11 0.622854 0.525509 0.051581 0.090948
11 0.550794 0.517772 0.047482 0.091932
5 0.255276 0.526687 0.061711 0.091030
5 0.180547 0.525608 0.070081 0.091234
0 0.843075 0.670362 0.144185 0.163998
5 0.643715 0.713344 0.053108 0.073387
2 0.158282 0.686349 0.121058 0.125561