8 0.853232 0.121634 0.092884 0.172681
6 0.543329 0.110502 0.088627 0.221004
7 0.444690 0.114655 0.091776 0.220650
8 0.147712 0.133770 0.119293 0.173858
11 0.834352 0.256498 0.055040 0.095820
11 0.723430 0.246556 0.047288 0.096538
11 0.615653 0.254601 0.050278 0.096256
9 0.534235 0.212906 0.076334 0.178933
9 0.248590 0.216250 0.107079 0.184022
10 0.628772 0.321747 0.059336 0.147129
10 0.549341 0.305416 0.068817 0.143445
11 0.456611 0.327457 0.055419 0.091041
11 0.165676 0.351707 0.071514 0.091069
11 0.531750 0.433967 0.052235 0.082492
5 0.539123 0.534423 0.050637 0.074972
3 0.346728 0.497842 0.089175 0.134583
5 0.269008 0.521327 0.063024 0.077386
1 0.541169 0.599927 0.077691 0.129884
4 0.333516 0.603798 0.088817 0.104744
5 0.822730 0.739881 0.054456 0.058831
5 0.729043 0.717727 0.046058 0.059694
5 0.640240 0.716127 0.047782 0.060030
4 0.447473 0.711076 0.063984 0.096960
5 0.187557 0.718266 0.072099 0.063981
0 0.734940 0.788703 0.090525 0.105073
2 0.633020 0.799763 0.068921 0.086793
3 0.353413 0.798017 0.089282 0.089420
2 0.154915 0.799252 0.123982 0.095629