8 0.851127 0.207375 0.128406 0.179891
11 0.275476 0.227646 0.049711 0.106711
11 0.548726 0.336596 0.060990 0.098551
11 0.649436 0.432250 0.065786 0.090946
11 0.461256 0.439253 0.056161 0.088730
6 0.273695 0.414233 0.095827 0.189886
11 0.181629 0.447184 0.051179 0.087032
11 0.737558 0.532662 0.069206 0.083126
5 0.647423 0.525969 0.063761 0.082763
10 0.545776 0.503214 0.080806 0.128683
5 0.453645 0.539343 0.055511 0.081716
5 0.718859 0.633326 0.068571 0.076365
5 0.562260 0.634428 0.058743 0.074629
0 0.454680 0.596778 0.087321 0.149691
5 0.279476 0.641179 0.049032 0.071223
5 0.185086 0.635720 0.050431 0.071750
2 0.761041 0.707404 0.118597 0.116222
4 0.655289 0.706540 0.093435 0.097075