6 0.745478 0.110525 0.097731 0.221050
8 0.635182 0.109226 0.069749 0.215264
7 0.330334 0.112178 0.118783 0.224356
8 0.136236 0.108145 0.133049 0.216290
11 0.822195 0.222395 0.058272 0.124470
11 0.733305 0.243943 0.050570 0.122082
11 0.623299 0.217719 0.047633 0.123821
9 0.547626 0.189103 0.077481 0.237879
9 0.255639 0.180094 0.118109 0.242156
11 0.172031 0.239537 0.080335 0.124561
10 0.634709 0.302373 0.062764 0.174584
10 0.541213 0.300055 0.070761 0.171650
11 0.261942 0.319595 0.072567 0.115617
3 0.130303 0.273840 0.144752 0.226682
11 0.448480 0.418724 0.058061 0.105534
11 0.354897 0.425426 0.065470 0.105519
5 0.434577 0.519848 0.058346 0.096667
4 0.634248 0.589013 0.054046 0.144420
5 0.527109 0.624032 0.052442 0.086702
4 0.353838 0.590043 0.087888 0.131712
5 0.273157 0.616282 0.069949 0.088094
5 0.828014 0.698602 0.060087 0.079644
5 0.728237 0.705594 0.049249 0.077666
5 0.631312 0.707659 0.046421 0.077835
1 0.541053 0.660417 0.079968 0.161820
3 0.255340 0.674093 0.119475 0.147406
5 0.180686 0.706868 0.080722 0.080441
0 0.750711 0.781992 0.097947 0.142377
2 0.425612 0.784679 0.086217 0.118133
2 0.339915 0.787977 0.102457 0.118250