9 0.631765 0.201473 0.066856 0.107689
11 0.634671 0.296826 0.047401 0.072712
2 0.449982 0.305671 0.071863 0.120839
11 0.349819 0.286805 0.057448 0.072486
6 0.242564 0.296083 0.131822 0.153689
11 0.822922 0.393388 0.063840 0.081271
8 0.154165 0.398952 0.123496 0.135573
5 0.540270 0.477453 0.047629 0.089373
4 0.443980 0.495124 0.066115 0.144702
11 0.160570 0.480032 0.074792 0.091138
5 0.745753 0.560920 0.055956 0.096601
0 0.552043 0.619653 0.072567 0.223085
9 0.353179 0.593510 0.087027 0.182344
11 0.269128 0.571209 0.065346 0.099258
5 0.187056 0.555444 0.070979 0.097750
5 0.824293 0.667602 0.062575 0.107046
2 0.542321 0.894448 0.064697 0.204368