6 0.728480 0.112016 0.112273 0.224032
9 0.613446 0.110977 0.094418 0.214319
8 0.534352 0.122561 0.092791 0.186611
8 0.163227 0.116339 0.131794 0.194054
11 0.827886 0.246127 0.055074 0.107023
11 0.716479 0.234419 0.055934 0.108270
11 0.612466 0.263971 0.059423 0.106293
7 0.428873 0.206526 0.114921 0.225356
11 0.335898 0.256931 0.071839 0.107783
9 0.249099 0.198320 0.125235 0.205640
10 0.631304 0.305707 0.074178 0.162228
11 0.434378 0.348606 0.066602 0.100193
10 0.356655 0.305308 0.091527 0.148508
11 0.180882 0.326527 0.081023 0.103535
11 0.529331 0.426740 0.060326 0.092013
11 0.264925 0.416593 0.074916 0.096047
5 0.546095 0.526803 0.058792 0.083404
5 0.825484 0.639136 0.053394 0.074781
4 0.650946 0.615492 0.065338 0.107970
5 0.467567 0.617772 0.062369 0.078321
5 0.353037 0.637313 0.068600 0.078170
3 0.250043 0.601119 0.125005 0.142136
5 0.155060 0.609554 0.085045 0.083957
5 0.728458 0.723725 0.051719 0.066942
5 0.642378 0.706266 0.054255 0.069857
4 0.450020 0.714463 0.086263 0.106339
5 0.265465 0.711656 0.074617 0.073930
0 0.733625 0.794132 0.093831 0.118688
2 0.541101 0.799283 0.078776 0.099398
1 0.452953 0.816452 0.099359 0.112812
3 0.337257 0.800227 0.109002 0.107196
2 0.132582 0.798823 0.145286 0.115574