6 0.758153 0.220962 0.131368 0.133352
8 0.543187 0.200331 0.070615 0.103409
11 0.830022 0.298217 0.073943 0.072869
10 0.645800 0.289377 0.073605 0.114971
7 0.453002 0.314942 0.069627 0.140345
9 0.379084 0.298159 0.064437 0.121733
11 0.288270 0.284612 0.051218 0.069575
11 0.736112 0.379127 0.063135 0.078894
11 0.366117 0.394843 0.046668 0.079284
11 0.187806 0.378051 0.060661 0.078720
11 0.644536 0.473019 0.057870 0.086730
11 0.454642 0.485625 0.046602 0.087387
5 0.165115 0.463982 0.063875 0.086188
3 0.838069 0.712720 0.123698 0.202483
5 0.730259 0.660045 0.064928 0.103940
5 0.468224 0.669147 0.048407 0.103990
5 0.822998 0.746550 0.071840 0.112156
5 0.638940 0.754921 0.059466 0.112401
3 0.441819 0.805562 0.065748 0.217051
5 0.365135 0.766182 0.047731 0.112752
5 0.259789 0.756946 0.054892 0.111370
0 0.745922 0.889632 0.127855 0.218918
2 0.553926 0.895514 0.073045 0.200346
1 0.450237 0.895412 0.073013 0.207357