6 0.769908 0.106576 0.129872 0.213153
8 0.360534 0.101475 0.079169 0.202949
11 0.826086 0.248853 0.070685 0.121095
11 0.752618 0.238770 0.064475 0.122477
11 0.659136 0.224865 0.056678 0.121975
8 0.348556 0.199482 0.081253 0.200288
9 0.265267 0.195315 0.098425 0.238547
10 0.652409 0.304876 0.082241 0.170946
11 0.542712 0.340178 0.048413 0.110805
11 0.455695 0.315815 0.046525 0.114077
10 0.341897 0.294786 0.074388 0.175096
7 0.251268 0.280545 0.113236 0.250350
11 0.173178 0.318236 0.069930 0.113729
11 0.267385 0.425008 0.061344 0.103503
5 0.465420 0.513811 0.046803 0.093825
4 0.643443 0.583193 0.068597 0.125346
5 0.565143 0.624660 0.048673 0.083195
3 0.452531 0.589574 0.066087 0.157659
5 0.178097 0.607553 0.069815 0.085270
5 0.827499 0.707040 0.072320 0.076124
5 0.727746 0.716688 0.060501 0.074938
5 0.631129 0.707175 0.053055 0.076035
1 0.559991 0.682331 0.074845 0.156099
4 0.452179 0.677823 0.050211 0.115684
2 0.351873 0.685972 0.082220 0.127552
5 0.258649 0.713949 0.060320 0.075192
0 0.758053 0.788214 0.127406 0.142192
2 0.346108 0.790850 0.083798 0.112377