8 0.833586 0.106678 0.122944 0.213356
10 0.749108 0.096432 0.096034 0.192864
6 0.554232 0.116708 0.091622 0.233416
7 0.437484 0.112491 0.074215 0.224982
9 0.346351 0.101340 0.073938 0.202679
10 0.265374 0.097866 0.080495 0.195732
8 0.178283 0.102069 0.105105 0.204137
11 0.837066 0.236137 0.076672 0.126487
9 0.748389 0.178217 0.112079 0.250835
11 0.643228 0.222634 0.061404 0.127611
11 0.541474 0.242907 0.053488 0.126742
11 0.269962 0.239806 0.056656 0.126235
11 0.177674 0.227296 0.065054 0.127783
11 0.725819 0.340511 0.068034 0.116025
11 0.455674 0.307398 0.046896 0.119541
5 0.447858 0.422406 0.045856 0.107704
11 0.363088 0.419680 0.049083 0.107850
5 0.352809 0.527767 0.050147 0.096972
4 0.350817 0.589732 0.063794 0.144921
5 0.822402 0.698333 0.077202 0.081635
5 0.737171 0.714315 0.066727 0.080409
5 0.656552 0.711154 0.060571 0.080477
5 0.559695 0.707089 0.053420 0.080604
5 0.252380 0.690094 0.057371 0.081841
5 0.182343 0.717550 0.065784 0.079714
2 0.861128 0.781081 0.136383 0.122992
4 0.747560 0.793825 0.101066 0.116394
3 0.638297 0.797033 0.089720 0.125171
0 0.558175 0.767343 0.087706 0.153352
1 0.462924 0.772648 0.070806 0.143092
3 0.363007 0.801102 0.069772 0.122700
2 0.157911 0.789478 0.113685 0.119761