6 0.714842 0.202385 0.090766 0.123201
8 0.643726 0.208798 0.074587 0.103420
8 0.142965 0.200568 0.142235 0.115420
11 0.817563 0.293640 0.049970 0.071462
11 0.722310 0.298129 0.050358 0.070727
11 0.642405 0.287045 0.052910 0.071462
10 0.458846 0.299760 0.075310 0.115147
7 0.352688 0.297821 0.116992 0.140522
9 0.244042 0.305060 0.124004 0.130104
11 0.174855 0.287416 0.082311 0.075915
11 0.555771 0.375918 0.056800 0.078433
11 0.277948 0.374258 0.071403 0.081007
10 0.427635 0.488081 0.088368 0.125560
1 0.537702 0.596463 0.095350 0.192933
5 0.461165 0.573895 0.062195 0.095788
4 0.632562 0.690411 0.075585 0.159854
3 0.450690 0.691601 0.097241 0.190033
5 0.344022 0.672061 0.070529 0.105075
5 0.821080 0.753141 0.051206 0.109499
5 0.729464 0.748118 0.052074 0.109138
5 0.641197 0.766796 0.056233 0.111858
3 0.235688 0.812495 0.126632 0.216051
5 0.168389 0.761586 0.082384 0.114228
0 0.743228 0.883009 0.102313 0.232163
2 0.427331 0.876007 0.094822 0.193385
2 0.150240 0.866801 0.133380 0.197026