6 0.740495 0.110074 0.100164 0.220147
8 0.647041 0.108399 0.070016 0.196075
7 0.347392 0.110989 0.104171 0.221979
8 0.149341 0.127951 0.122830 0.197138
11 0.819634 0.244703 0.059291 0.109691
11 0.719533 0.220634 0.050265 0.112595
11 0.629456 0.242885 0.046334 0.110487
11 0.175993 0.244168 0.073657 0.112691
10 0.645705 0.292007 0.060366 0.154521
11 0.548770 0.324330 0.049316 0.103839
9 0.361029 0.304550 0.090648 0.195080
11 0.264447 0.327128 0.067192 0.105010
11 0.355261 0.423732 0.060234 0.095897
5 0.165235 0.429951 0.074875 0.096431
5 0.361012 0.522509 0.059295 0.087235
5 0.728732 0.620466 0.050934 0.077487
4 0.650604 0.621780 0.068530 0.109350
5 0.444492 0.617090 0.052935 0.078769
5 0.819902 0.728634 0.059658 0.067435
3 0.750543 0.690327 0.084232 0.121399
5 0.642703 0.708527 0.045998 0.069423
5 0.542157 0.708051 0.048327 0.069789
1 0.358479 0.679192 0.098041 0.141029
0 0.746120 0.795960 0.100528 0.122500
2 0.647509 0.800425 0.069081 0.101350
2 0.155152 0.802954 0.128054 0.106086