8 0.841322 0.109399 0.113838 0.209741
6 0.531441 0.104719 0.074423 0.209438
10 0.255970 0.101071 0.086581 0.202143
8 0.155492 0.105480 0.113844 0.207916
11 0.832027 0.221876 0.070037 0.119313
11 0.723381 0.244234 0.060858 0.118690
11 0.649974 0.226646 0.054812 0.118682
9 0.555834 0.187426 0.069597 0.232306
11 0.446413 0.226646 0.048373 0.118682
7 0.352489 0.157501 0.089380 0.270249
10 0.628534 0.291983 0.068446 0.165090
11 0.539579 0.338050 0.047461 0.108575
5 0.447350 0.438272 0.048133 0.099719
11 0.350273 0.430836 0.054508 0.100657
5 0.540209 0.523140 0.047407 0.090964
3 0.355848 0.488443 0.079923 0.172755
11 0.273332 0.523140 0.059932 0.090964
5 0.634481 0.596370 0.053056 0.083782
1 0.557228 0.599995 0.073011 0.169233
5 0.174837 0.600852 0.069940 0.083256
5 0.823206 0.701755 0.069942 0.074407
5 0.728948 0.705598 0.060048 0.073974
3 0.469555 0.678561 0.064685 0.135262
5 0.270913 0.700469 0.059138 0.074552
2 0.843795 0.779292 0.120467 0.110101
4 0.739772 0.792211 0.086771 0.108931
0 0.557641 0.773340 0.074918 0.138508
2 0.143255 0.793325 0.123549 0.108734