8 0.838793 0.117705 0.090283 0.203381
6 0.520113 0.100323 0.100536 0.200645
7 0.424802 0.104824 0.108132 0.209647
8 0.154661 0.120143 0.131142 0.204358
11 0.817964 0.238774 0.052425 0.116324
9 0.743680 0.184295 0.076152 0.222269
11 0.632411 0.220374 0.051977 0.117525
11 0.539060 0.248092 0.057092 0.115096
11 0.264122 0.231330 0.074043 0.119539
11 0.735011 0.335569 0.047470 0.107561
9 0.535862 0.310554 0.083965 0.199098
11 0.352098 0.327296 0.068108 0.109770
10 0.238222 0.320838 0.110102 0.179355
3 0.721374 0.395919 0.074471 0.183737
4 0.546351 0.384173 0.069476 0.165569
10 0.451345 0.408254 0.077021 0.142968
11 0.164670 0.427433 0.080674 0.102399
5 0.444773 0.518671 0.060032 0.091341
5 0.173849 0.525213 0.080066 0.093597
5 0.526585 0.604140 0.054836 0.083299
3 0.443940 0.589282 0.089118 0.149183
4 0.345070 0.579994 0.090275 0.138159
5 0.820047 0.732495 0.053370 0.072036
5 0.719190 0.708687 0.046352 0.073094
5 0.627923 0.714905 0.050030 0.074258
5 0.275479 0.731239 0.070928 0.074629
0 0.716311 0.804977 0.087599 0.129442
2 0.629458 0.799267 0.070603 0.107169
1 0.432338 0.787254 0.095319 0.128586
2 0.150099 0.808292 0.140274 0.115170