6 0.736611 0.221564 0.089954 0.135619
8 0.624268 0.202668 0.072270 0.109473
7 0.449877 0.227776 0.095187 0.132180
8 0.341995 0.186858 0.108341 0.112068
11 0.831994 0.274342 0.052542 0.073295
9 0.721889 0.309266 0.073577 0.128770
11 0.640284 0.270718 0.050115 0.073437
11 0.542033 0.272539 0.054347 0.073151
11 0.720307 0.374505 0.048050 0.081995
9 0.541985 0.406310 0.081566 0.148075
10 0.436636 0.388066 0.081851 0.129874
11 0.174397 0.378128 0.082614 0.086655
3 0.362798 0.510646 0.102825 0.170838
5 0.263184 0.485900 0.074263 0.094815
5 0.540722 0.561005 0.057053 0.098342
5 0.456093 0.571855 0.061321 0.100206
5 0.826994 0.652340 0.052067 0.106578
5 0.707812 0.668502 0.050076 0.109058
1 0.441151 0.727876 0.105989 0.236174
4 0.345922 0.689782 0.098527 0.176775
3 0.712923 0.810012 0.077142 0.222436
5 0.626564 0.762541 0.053422 0.116356
0 0.745856 0.889165 0.094516 0.219853
2 0.436793 0.887002 0.090832 0.203163
2 0.242877 0.877350 0.117400 0.205690