8 0.851196 0.188403 0.092193 0.108505
9 0.628922 0.192081 0.070435 0.107491
6 0.556817 0.198915 0.083225 0.130261
7 0.451437 0.209708 0.093646 0.128566
9 0.346549 0.200179 0.104369 0.115085
10 0.251414 0.203029 0.102496 0.101539
8 0.155172 0.197221 0.140809 0.117273
11 0.827554 0.295083 0.052923 0.075208
11 0.740256 0.265424 0.047226 0.072415
11 0.615569 0.279072 0.051240 0.074359
11 0.339675 0.305352 0.066509 0.078054
11 0.245737 0.277612 0.075116 0.076753
11 0.163644 0.282699 0.083623 0.078557
10 0.623324 0.420227 0.063729 0.136326
11 0.539336 0.370467 0.055384 0.082761
5 0.536823 0.561304 0.056677 0.098337
5 0.441906 0.576370 0.061688 0.100741
11 0.359088 0.556913 0.067413 0.099529
4 0.648018 0.696576 0.066605 0.159091
4 0.335458 0.702655 0.095249 0.174573
5 0.823751 0.760560 0.053223 0.117285
5 0.716259 0.755556 0.048473 0.117055
5 0.614650 0.767966 0.053711 0.117202
5 0.260621 0.773893 0.074980 0.119016
5 0.168545 0.770360 0.080951 0.119508
2 0.845324 0.896007 0.090032 0.206168
3 0.618303 0.892449 0.080263 0.213283
0 0.511576 0.889882 0.103519 0.218418
1 0.432603 0.896487 0.109579 0.205208
3 0.338405 0.893631 0.112038 0.210920
2 0.171433 0.895303 0.129007 0.207575