6 0.764867 0.102148 0.134591 0.204296
8 0.646733 0.108796 0.084136 0.214394
8 0.155221 0.107431 0.111887 0.214863
11 0.819270 0.248807 0.073063 0.122648
9 0.738970 0.172092 0.104470 0.244363
10 0.632795 0.176423 0.078794 0.206939
11 0.736635 0.325267 0.066061 0.114250
11 0.624419 0.326297 0.056870 0.113832
9 0.550596 0.282293 0.074693 0.221942
5 0.463526 0.323706 0.046893 0.113846
11 0.176931 0.336631 0.066016 0.111585
11 0.548528 0.418283 0.050378 0.105426
5 0.538100 0.508228 0.049459 0.095558
5 0.273356 0.514795 0.057819 0.095959
4 0.766185 0.598511 0.098172 0.143002
4 0.660931 0.583702 0.075253 0.146835
3 0.552240 0.585123 0.073083 0.160200
5 0.831977 0.703301 0.075503 0.078365
5 0.731628 0.712028 0.063408 0.076972
5 0.636041 0.703980 0.055782 0.077689
0 0.756929 0.767986 0.131331 0.145492
2 0.552146 0.784831 0.069572 0.113943
2 0.160735 0.799323 0.116250 0.112127