6 0.452570 0.108477 0.070759 0.216953
11 0.184920 0.248146 0.062223 0.099364
9 0.756171 0.292596 0.094690 0.173071
11 0.642285 0.343596 0.052430 0.090508
10 0.558544 0.307720 0.065061 0.140558
11 0.355607 0.338294 0.051713 0.090941
11 0.830663 0.445865 0.065738 0.081470
11 0.448052 0.427241 0.046672 0.082989
5 0.373942 0.423493 0.050008 0.083304
11 0.274851 0.429543 0.055487 0.082764
5 0.164764 0.440388 0.065177 0.081829
11 0.838081 0.522364 0.065873 0.074978
5 0.456657 0.535743 0.046156 0.075238
5 0.249703 0.517508 0.056461 0.075255
5 0.722038 0.635279 0.054856 0.065835
5 0.654803 0.637525 0.052161 0.065649
4 0.536741 0.589302 0.052465 0.112273
0 0.349650 0.587882 0.089776 0.141555
3 0.643082 0.795042 0.075689 0.087340