6 0.751954 0.217588 0.137392 0.158346
8 0.638040 0.211822 0.090039 0.121839
7 0.459401 0.233155 0.070141 0.148842
9 0.373009 0.211578 0.069278 0.129364
8 0.155605 0.199857 0.117535 0.120364
11 0.828135 0.288449 0.078243 0.082996
11 0.731325 0.273054 0.066457 0.080494
11 0.643151 0.304320 0.059696 0.082908
10 0.552996 0.303330 0.065028 0.134827
11 0.366273 0.296276 0.049972 0.082367
11 0.279026 0.287264 0.057207 0.081026
9 0.177461 0.334888 0.112512 0.154946
10 0.631027 0.412594 0.074907 0.132749
11 0.461923 0.398259 0.046453 0.091797
11 0.170369 0.389517 0.068714 0.091567
11 0.548706 0.479212 0.052936 0.101519
5 0.556920 0.591325 0.053206 0.111737
3 0.375610 0.620225 0.070796 0.214058
5 0.275385 0.581186 0.058036 0.111488
5 0.167240 0.580257 0.068217 0.111122
4 0.643746 0.710019 0.075258 0.184066
5 0.452936 0.680040 0.047243 0.119959
5 0.359784 0.665273 0.050548 0.119718
5 0.839571 0.771099 0.077181 0.129859
5 0.737301 0.764375 0.069545 0.131035
5 0.652448 0.772058 0.061446 0.129309
4 0.456251 0.802608 0.061553 0.201612
0 0.760393 0.893398 0.138822 0.211386
2 0.553630 0.897846 0.074460 0.202490
1 0.441493 0.897580 0.074219 0.203022
3 0.358111 0.895453 0.075129 0.207276
2 0.163150 0.896992 0.110434 0.204197