6 0.737324 0.210105 0.091929 0.154746
8 0.642894 0.206497 0.069690 0.124753
7 0.450263 0.213136 0.096702 0.150842
9 0.326425 0.237745 0.113286 0.143937
8 0.162444 0.208804 0.146543 0.132051
11 0.822612 0.291665 0.058191 0.085284
11 0.732307 0.297520 0.048904 0.085106
11 0.632154 0.286455 0.048689 0.084286
10 0.534979 0.307149 0.063345 0.124323
11 0.351895 0.289818 0.068744 0.086112
11 0.247715 0.309549 0.077645 0.089776
9 0.152836 0.306175 0.152447 0.161991
10 0.637983 0.399735 0.055526 0.138251
11 0.449757 0.387375 0.061191 0.094962
11 0.161019 0.378133 0.087416 0.097164
11 0.541355 0.485302 0.055584 0.104178
5 0.542162 0.576174 0.055994 0.113175
5 0.439369 0.578276 0.062675 0.114361
3 0.355940 0.619110 0.108854 0.220755
5 0.154423 0.582283 0.086229 0.116028
5 0.829469 0.679498 0.057981 0.123554
4 0.639660 0.702574 0.063006 0.187441
5 0.363296 0.654581 0.069660 0.121984
5 0.735222 0.773711 0.048566 0.133450
5 0.633065 0.764871 0.050519 0.133192
5 0.270770 0.759909 0.077688 0.133623
0 0.757722 0.887747 0.098216 0.222688
2 0.524582 0.886722 0.080014 0.224737
1 0.442075 0.889519 0.109221 0.219144
3 0.328898 0.894181 0.117922 0.209819
4 0.241682 0.897803 0.114694 0.202576
2 0.147291 0.889951 0.140184 0.218279