6 0.758278 0.213103 0.131463 0.132792
11 0.716730 0.289572 0.062162 0.072772
11 0.644555 0.296052 0.057465 0.073186
11 0.809292 0.390545 0.071626 0.082467
5 0.642225 0.572224 0.058674 0.098822
5 0.621887 0.659146 0.057412 0.107092
10 0.251270 0.687035 0.078680 0.173741
11 0.189505 0.678806 0.060872 0.108245
5 0.837440 0.780316 0.073140 0.118341
5 0.734811 0.767370 0.066106 0.116390
0 0.660740 0.836480 0.109151 0.276729
2 0.162966 0.797000 0.104898 0.189195
4 0.538358 0.892007 0.070842 0.196422
8 0.463083 0.890094 0.065043 0.203398