8 0.845096 0.129923 0.121624 0.185695
6 0.543489 0.111747 0.098104 0.223494
7 0.466091 0.110084 0.087271 0.220169
9 0.373298 0.111097 0.073991 0.211376
8 0.164062 0.133456 0.090957 0.181561
11 0.827726 0.242150 0.074447 0.105712
11 0.730101 0.241834 0.067843 0.104920
11 0.633245 0.226966 0.061775 0.105561
10 0.551584 0.216809 0.072805 0.152089
10 0.648359 0.306177 0.080681 0.161207
11 0.443253 0.343035 0.051990 0.095440
11 0.166815 0.347652 0.055177 0.094337
3 0.748940 0.404176 0.109903 0.163696
11 0.557527 0.439960 0.057482 0.087530
11 0.262423 0.440371 0.047172 0.086060
5 0.552149 0.533574 0.055873 0.080868
4 0.163193 0.609336 0.079344 0.100142
5 0.817234 0.715721 0.074929 0.067644
5 0.744595 0.712499 0.067322 0.066916
5 0.634845 0.713049 0.059172 0.065848
5 0.364939 0.704318 0.048139 0.065110
5 0.280305 0.717941 0.046695 0.063894
5 0.180112 0.714091 0.054037 0.064381
2 0.852264 0.802331 0.129516 0.101548
3 0.641223 0.793934 0.091941 0.097728
0 0.543391 0.795953 0.090628 0.114011
1 0.467154 0.799257 0.077402 0.105651
2 0.167396 0.796793 0.090540 0.094914