6 0.728566 0.203364 0.112539 0.109702
8 0.640425 0.214468 0.080219 0.093236
9 0.363410 0.189751 0.070743 0.088721
8 0.175001 0.200724 0.106705 0.091381
11 0.737264 0.274808 0.058471 0.061441
11 0.624535 0.273680 0.051739 0.061210
10 0.552522 0.290734 0.064152 0.085661
11 0.257729 0.279220 0.055614 0.061381
11 0.178379 0.290439 0.063511 0.062292
11 0.820826 0.388008 0.066280 0.070711
10 0.670092 0.370985 0.082779 0.097564
11 0.548707 0.376235 0.047235 0.069326
7 0.276010 0.397666 0.096175 0.137315
11 0.438323 0.470794 0.045996 0.077291
11 0.364060 0.461980 0.048947 0.076448
3 0.265560 0.493739 0.088467 0.139391
5 0.446311 0.563683 0.045710 0.085623
5 0.178513 0.557915 0.062633 0.084936
5 0.721712 0.660315 0.058055 0.093211
4 0.648510 0.689262 0.069599 0.158586
5 0.548142 0.677120 0.048729 0.094614
5 0.371427 0.658654 0.049908 0.092693
1 0.258513 0.684189 0.099676 0.195057
5 0.737109 0.759257 0.060332 0.102892
5 0.650132 0.759095 0.054468 0.102750
4 0.451567 0.788952 0.058241 0.162094
5 0.264369 0.745201 0.055937 0.100979
0 0.744322 0.895882 0.116203 0.206418
2 0.657184 0.869827 0.080520 0.179963
2 0.174048 0.881273 0.102046 0.179043