6 0.732922 0.114889 0.108050 0.229778
7 0.636443 0.105975 0.100950 0.211951
8 0.528332 0.118604 0.091143 0.186153
9 0.266827 0.104836 0.121145 0.209671
11 0.819830 0.256633 0.053988 0.105285
11 0.636571 0.229802 0.057455 0.106631
2 0.248536 0.229170 0.117878 0.176999
11 0.731028 0.342656 0.052339 0.097121
1 0.634138 0.295952 0.095995 0.203868
5 0.813454 0.531650 0.052914 0.082709
11 0.631628 0.528684 0.054772 0.083332
4 0.356114 0.512476 0.092654 0.132487
5 0.352920 0.627721 0.067715 0.078153
0 0.743776 0.696492 0.096410 0.135263
5 0.643209 0.712901 0.052777 0.067523
5 0.265371 0.708325 0.073504 0.073282