8 0.839081 0.111992 0.133120 0.195365
9 0.673209 0.110730 0.117890 0.219754
6 0.572481 0.100317 0.122821 0.200634
8 0.350250 0.119414 0.091877 0.187313
11 0.746329 0.234160 0.077823 0.111336
11 0.658446 0.249672 0.072180 0.108676
11 0.730526 0.325970 0.076453 0.102757
11 0.548652 0.345140 0.066136 0.100508
7 0.270896 0.298927 0.099661 0.205005
11 0.177633 0.336081 0.054426 0.098739
5 0.554409 0.423729 0.065178 0.093422
4 0.368347 0.418311 0.074521 0.147764
5 0.369848 0.531947 0.056155 0.083827
11 0.267431 0.530339 0.053468 0.083370
9 0.646332 0.601898 0.107287 0.136804
1 0.567190 0.580248 0.104530 0.152138
5 0.829164 0.712911 0.084459 0.076078
5 0.738591 0.700256 0.075687 0.075033
3 0.655891 0.705932 0.108853 0.121358
5 0.280025 0.713594 0.052593 0.067852
5 0.182508 0.712709 0.052456 0.067926
0 0.768553 0.794250 0.154568 0.135201
2 0.376963 0.792064 0.075688 0.099509
2 0.172837 0.783184 0.085959 0.103226