1 0.448985 0.227019 0.093707 0.127846
6 0.729436 0.309791 0.089918 0.149977
8 0.147042 0.299604 0.139594 0.128507
11 0.456442 0.385223 0.059146 0.081355
10 0.639683 0.485757 0.067537 0.126280
11 0.543199 0.455501 0.055634 0.087595
5 0.445372 0.486667 0.061116 0.091585
7 0.453787 0.613523 0.100561 0.205548
5 0.804074 0.663882 0.049793 0.104338
5 0.725930 0.663974 0.048651 0.104647
11 0.641070 0.672639 0.052550 0.106228
4 0.543934 0.706863 0.070390 0.176071
4 0.330412 0.701175 0.100262 0.164293
11 0.177967 0.654982 0.079838 0.106803
5 0.632733 0.745569 0.052161 0.112143
0 0.730221 0.881078 0.092932 0.236026