8 0.822473 0.103451 0.109889 0.206902
10 0.727186 0.099804 0.087190 0.199608
9 0.638116 0.096127 0.081389 0.192253
6 0.550260 0.102253 0.076661 0.204507
7 0.452501 0.107099 0.073515 0.214197
9 0.366848 0.099824 0.080516 0.199648
10 0.234740 0.093673 0.092459 0.187346
8 0.156207 0.122837 0.114943 0.206728
11 0.830511 0.246386 0.069273 0.118204
11 0.729343 0.233615 0.061215 0.117587
11 0.647604 0.221767 0.054722 0.119169
11 0.464685 0.228934 0.047150 0.118264
11 0.370646 0.231318 0.053306 0.117972
11 0.262621 0.233699 0.061864 0.117684
11 0.187563 0.244188 0.068322 0.118648
11 0.558587 0.439809 0.048462 0.099428
5 0.378792 0.517904 0.052514 0.091558
5 0.826046 0.714944 0.070340 0.072839
5 0.729255 0.717557 0.059413 0.072561
5 0.643043 0.701168 0.053121 0.074410
5 0.552258 0.701264 0.046918 0.074416
5 0.460397 0.707751 0.047113 0.073706
5 0.269462 0.706681 0.060117 0.073867
5 0.185929 0.726860 0.069240 0.071641
2 0.839288 0.784603 0.119597 0.110164
4 0.738979 0.802535 0.093199 0.092874
3 0.636502 0.793601 0.077883 0.113015
0 0.543620 0.782475 0.071741 0.137526
1 0.456833 0.781300 0.070546 0.129959
3 0.348989 0.802785 0.080792 0.111427
4 0.247701 0.787092 0.096443 0.094255
2 0.140841 0.795517 0.123754 0.108451