6 0.742060 0.111732 0.125819 0.223464
11 0.837511 0.230752 0.072781 0.114442
8 0.649359 0.192493 0.086046 0.188525
11 0.350197 0.238016 0.049172 0.112021
11 0.735805 0.339329 0.064532 0.103610
9 0.440951 0.294314 0.064582 0.197198
5 0.350699 0.334620 0.049463 0.103021
11 0.658238 0.430979 0.058502 0.094995
2 0.559037 0.397884 0.072299 0.157981
7 0.845147 0.482307 0.139448 0.186282
5 0.637026 0.542999 0.056216 0.084599
8 0.537204 0.489755 0.069349 0.145079
5 0.824743 0.628236 0.072680 0.078210
3 0.822158 0.675493 0.119942 0.130104
5 0.736825 0.694550 0.063069 0.072483
0 0.836669 0.767226 0.147858 0.133195
2 0.644348 0.787920 0.088579 0.104467
1 0.452401 0.805058 0.067864 0.116824