6 0.746609 0.105348 0.098496 0.210696
8 0.542410 0.115710 0.072256 0.204799
8 0.134175 0.108233 0.130454 0.209892
11 0.839685 0.245845 0.059264 0.116545
11 0.734028 0.235338 0.050550 0.118298
11 0.628385 0.238859 0.047739 0.116205
9 0.451278 0.201439 0.086898 0.223900
11 0.255317 0.244919 0.071767 0.118011
7 0.625813 0.286421 0.073521 0.232664
9 0.438656 0.303964 0.087047 0.205164
11 0.354041 0.348573 0.063396 0.106919
11 0.174607 0.315261 0.076276 0.112168
11 0.538984 0.423289 0.052511 0.100856
5 0.259842 0.527662 0.069957 0.092574
5 0.169632 0.519710 0.077948 0.092696
5 0.716953 0.620515 0.048493 0.081227
3 0.640903 0.597182 0.066481 0.147680
5 0.539757 0.612752 0.051413 0.082902
5 0.469077 0.617509 0.055316 0.082811
3 0.360809 0.594873 0.093655 0.151039
5 0.811712 0.709415 0.057552 0.074520
5 0.639898 0.711498 0.045884 0.073400
0 0.744877 0.778920 0.097007 0.134511
2 0.523776 0.791422 0.069301 0.109121
1 0.465121 0.784023 0.084686 0.128278
2 0.237982 0.800726 0.118978 0.112894