11 0.719311 0.255125 0.050598 0.100585
8 0.257190 0.228471 0.099733 0.167019
11 0.821795 0.334500 0.058616 0.093120
8 0.355563 0.301473 0.082981 0.154926
5 0.255688 0.337799 0.062536 0.094237
2 0.151464 0.312545 0.115305 0.155312
6 0.540643 0.394969 0.074075 0.189931
11 0.450335 0.427188 0.052141 0.085608
5 0.815892 0.527004 0.058824 0.076522
5 0.731874 0.541747 0.051492 0.076724
11 0.537630 0.529995 0.046801 0.076549
0 0.742476 0.591303 0.099791 0.147538
11 0.640176 0.642400 0.046257 0.067421
5 0.642046 0.705597 0.045692 0.062589
5 0.353965 0.721499 0.055646 0.062157
2 0.248329 0.710206 0.102982 0.103975