6 0.752259 0.111879 0.108385 0.223759
10 0.243893 0.099434 0.101293 0.189902
8 0.160615 0.117421 0.117171 0.199801
11 0.816948 0.246337 0.061367 0.110688
11 0.714895 0.245355 0.054184 0.111034
11 0.628463 0.234723 0.048089 0.112472
9 0.555073 0.197258 0.065000 0.216108
11 0.247843 0.237382 0.065795 0.113310
11 0.162323 0.344749 0.073063 0.103436
5 0.627536 0.444790 0.048021 0.094467
11 0.554754 0.426679 0.046580 0.094862
8 0.460481 0.417823 0.069735 0.156083
5 0.716840 0.612081 0.052305 0.078122
5 0.279387 0.625482 0.061361 0.077902
5 0.838901 0.719761 0.065052 0.068943
5 0.643799 0.709558 0.047825 0.069971
4 0.549594 0.673320 0.054673 0.116799
3 0.468308 0.702198 0.070729 0.121793
5 0.169840 0.700744 0.073154 0.072401
0 0.756163 0.801894 0.109214 0.123320
2 0.632542 0.800191 0.070278 0.102418
2 0.158827 0.794291 0.123966 0.106416