8 0.836304 0.107497 0.105048 0.203053
6 0.731504 0.167838 0.106155 0.275358
8 0.639105 0.223530 0.071815 0.187322
11 0.530080 0.234632 0.046909 0.114946
11 0.350593 0.226736 0.058452 0.116462
11 0.171824 0.243980 0.072177 0.114994
11 0.727180 0.328316 0.055383 0.107337
2 0.542332 0.303247 0.062689 0.174081
11 0.444654 0.325834 0.052660 0.106367
11 0.277956 0.323041 0.062995 0.107187
5 0.735944 0.442027 0.056335 0.095857
5 0.449034 0.440786 0.051864 0.096689
5 0.630228 0.516820 0.048184 0.089262
5 0.359246 0.521000 0.057164 0.089530
0 0.729592 0.577196 0.105005 0.174621
5 0.265691 0.599113 0.063394 0.082768
5 0.187842 0.706732 0.072205 0.073219
2 0.546218 0.784375 0.060441 0.107029