8 0.851094 0.124852 0.112574 0.174021
9 0.656986 0.123489 0.083782 0.196124
6 0.560358 0.105363 0.082142 0.210727
7 0.476059 0.121424 0.072233 0.221415
10 0.264304 0.112453 0.069118 0.174789
8 0.181718 0.119930 0.095770 0.172342
11 0.732927 0.238262 0.060783 0.097508
11 0.636623 0.260289 0.054472 0.095295
11 0.274797 0.245193 0.051067 0.095894
11 0.826675 0.351136 0.067173 0.088317
10 0.624506 0.322514 0.062312 0.131316
11 0.542203 0.350331 0.049581 0.087500
11 0.165394 0.339375 0.060027 0.087979
9 0.646324 0.415759 0.081290 0.147093
11 0.443350 0.427373 0.046346 0.081135
11 0.377692 0.444723 0.046388 0.079687
5 0.449663 0.537340 0.046518 0.072692
5 0.168516 0.525621 0.060713 0.073430
5 0.732712 0.638542 0.059179 0.065968
4 0.634962 0.614732 0.075259 0.104053
5 0.835321 0.711311 0.069271 0.060263
3 0.731120 0.693967 0.094293 0.101235
5 0.650284 0.728004 0.053147 0.058342
5 0.549081 0.737918 0.049365 0.057504
4 0.460263 0.687952 0.050132 0.098447
5 0.363092 0.701300 0.046443 0.059659
5 0.262865 0.728882 0.051064 0.057739
0 0.767993 0.809303 0.122975 0.102822
2 0.650931 0.821298 0.084655 0.083955
1 0.441402 0.790498 0.066741 0.095801
3 0.357285 0.798297 0.066081 0.084055
2 0.149627 0.822356 0.103146 0.083577