6 0.747225 0.215707 0.122847 0.131719
8 0.631301 0.218736 0.082192 0.109269
7 0.455571 0.221220 0.068841 0.127316
9 0.347028 0.209389 0.077734 0.110489
8 0.138105 0.215372 0.119832 0.108245
11 0.814733 0.290317 0.070271 0.072781
11 0.720737 0.285485 0.060482 0.072092
11 0.647174 0.282888 0.055267 0.071718
11 0.273481 0.273970 0.056957 0.070392
11 0.168492 0.287954 0.068490 0.071856
10 0.762074 0.405942 0.101452 0.120175
10 0.638643 0.384290 0.076872 0.116257
11 0.361049 0.383061 0.051955 0.081022
9 0.242538 0.407840 0.098205 0.149084
11 0.548871 0.464491 0.049127 0.089018
4 0.551511 0.602029 0.055229 0.166733
3 0.155736 0.620501 0.115964 0.189467
5 0.835089 0.667963 0.070851 0.108551
4 0.647735 0.708829 0.068763 0.184790
5 0.449241 0.661204 0.046301 0.107186
5 0.348024 0.666806 0.052711 0.107761
5 0.738408 0.768413 0.063298 0.116716
5 0.645738 0.762782 0.055638 0.115859
5 0.249591 0.766163 0.060148 0.115813
5 0.154135 0.774474 0.067920 0.116774
0 0.743767 0.885000 0.123743 0.228182
2 0.541550 0.892155 0.065983 0.203939
1 0.454033 0.890463 0.071067 0.217256
3 0.342676 0.887702 0.079846 0.222777
2 0.139857 0.893911 0.114344 0.206388