8 0.831639 0.195283 0.135402 0.112361
10 0.755873 0.186624 0.108296 0.104823
9 0.648763 0.205164 0.100967 0.109278
6 0.552242 0.214614 0.100165 0.128413
7 0.472736 0.214489 0.083314 0.120432
8 0.167916 0.204577 0.087859 0.105061
11 0.823248 0.278392 0.080398 0.074422
11 0.715701 0.284476 0.069337 0.073207
11 0.648943 0.294293 0.064037 0.073224
10 0.478216 0.298669 0.068062 0.101693
11 0.285543 0.272920 0.047342 0.069951
11 0.171037 0.291217 0.052388 0.070452
11 0.535820 0.367063 0.058713 0.078842
11 0.358067 0.381508 0.051117 0.078977
9 0.665841 0.494358 0.104209 0.159182
5 0.563578 0.481703 0.060451 0.088363
11 0.443589 0.479446 0.055086 0.087324
5 0.451839 0.577095 0.054608 0.095130
4 0.654989 0.702157 0.086426 0.155560
3 0.554579 0.679892 0.092201 0.190883
5 0.837159 0.757124 0.079797 0.113654
5 0.740372 0.764269 0.072669 0.113313
5 0.629550 0.755046 0.066135 0.113392
4 0.475894 0.775035 0.078349 0.165652
5 0.372172 0.748853 0.052095 0.110544
5 0.260192 0.767625 0.047503 0.111824
5 0.179984 0.768383 0.052051 0.111877
2 0.830059 0.869429 0.127202 0.197706
3 0.673815 0.892370 0.109739 0.213441
0 0.567415 0.893041 0.110084 0.212099
1 0.478058 0.888867 0.095686 0.220448
2 0.167430 0.874037 0.087231 0.195408